,t,p,p_d,v,v_d,q,R,w,T_sp,q_sp,hover_throttle,fa,pwm
0,0.005,"[1.0, 0.0, 0.0]","[1.0, 0.0, 1.0]","[0.0, 0.0, 0.07552536931953528]","[0.0, 0.0, 0.0]","[1.0, 0.0, 0.0, 0.0]","[[1.0, 0.0, 0.0], [0.0, 1.0, 0.0], [0.0, 0.0, 1.0]]","[0.0, 1.5010073863907059, 0.010210147727814116]",[19.810000000000002],"[0.9987347646894552, 0.0, 0.050287869319535286, 0.0]",[0.5],"[2.0, 0.0, 0.0]","[0.0, 70.37400088100719, 122.51560661363538, 70.37400088100719]"
1,0.01,"[1.0, 0.0, 0.0003776268465976764]","[1.0, 0.0, 1.0]","[0.0, 0.0, 0.1217491008535585]","[0.0, 0.0, 0.0]","[0.9999929590511721, 0.0, 0.00375249204468627, 2.5525189596716098e-05]","[[1.0, 0.0, 0.0], [0.0, 1.0, 0.0], [0.0, 0.0, 1.0]]","[0.0, 2.0906032612557177, 0.005105073863907059]",[19.054746306804645],"[0.998633246618856, 0.0, 0.05226508153139294, 0.0]",[0.5],"[2.0, 0.0, 0.0]","[34.315783094484665, 73.4970802800325, 84.10429072311257, 73.4970802800325]"
2,0.015,"[1.0, 0.0, 0.000986372350865469]","[1.0, 0.0, 1.0]","[0.0006980794009427217, 1.781873452342292e-08, 0.16571257670918954]","[0.0, 0.0, 0.0]","[0.9999596886638081, -8.551457090948018e-08, 0.008978840763608643, 3.828726146069238e-05]","[[0.9999718363038386, -5.1050019750324654e-05, 0.007504931247163613], [5.1050019750324654e-05, 0.9999999986969295, 1.9156614180157178e-07], [-0.007504931247163613, 1.9156614180157178e-07, 0.9999718376069091]]","[5.468948503375941e-05, 1.9926699138729438, 0.002042766016113866]",[18.603219082294757],"[0.9985644061684961, 0.0, 0.053564229980080036, 0.0]",[0.5],"[1.9999436726076771, -0.00010210003950064931, 0.015009862494327226]","[68.9759597723251, 70.94589349724669, 61.46828086652229, 70.94974770196866]"
3,0.02,"[1.0000034903970048, 8.90936726171146e-11, 0.0018149352344114167]","[1.0, 0.0, 1.0]","[0.002329996370487678, 9.584527891057942e-08, 0.20752729193085215]","[0.0, 0.0, 0.0]","[0.9999025515349547, -9.367571552085759e-08, 0.013960141511888093, 4.339177858225707e-05]","[[0.9998387579052548, -7.657297174347786e-05, 0.01795695762253178], [7.656990045661721e-05, 0.9999999970681566, 8.585726952661397e-07], [-0.017956957635628254, 5.16528200454688e-07, 0.9998387608370689]]","[8.735080874712367e-05, 1.8284408909567917, 0.0002568777245813337]",[18.17587370699458],"[0.9985040044413452, 4.888583494174195e-09, 0.054678634900645375, -0.0]",[0.5],"[1.9996775158105096, -0.00015314594348695573, 0.03591391524506356]","[71.70688603535812, 69.0437626188756, 59.15730957139885, 69.04612784080493]"
4,0.025,"[1.0000151403788573, 5.683200671700117e-10, 0.0028525716940656773]","[1.0, 0.0, 1.0]","[0.004809753733274764, 2.2009658223334665e-07, 0.2472669507441302]","[0.0, 0.0, 0.0]","[0.9998282926336086, -6.470243044613173e-08, 0.01853060470466108, 4.4029973537242414e-05]","[[0.9996102251322433, -8.67777156925671e-05, 0.027917562226922384], [8.67724847875875e-05, 0.9999999962342897, 1.3988439128539836e-06], [-0.027917562243181406, 1.0241775649893112e-06, 0.9996102288979186]]","[0.00010119644302067173, 1.663335886429538, -0.0007379462248826292]",[17.764855990153208],"[0.9984571631124721, 2.6949366878618064e-08, 0.055527411513536205, -0.0]",[0.5],"[1.9992204502644866, -0.0001735554313851342, 0.05583512445384477]","[71.7104317829113, 67.56846722436383, 59.08752813596992, 67.56949177989031]"
5,0.030000000000000002,"[1.0000391891475238, 1.668802978336745e-09, 0.004088906447786329]","[1.0, 0.0, 1.0]","[0.008027826183202351, 3.730489511483756e-07, 0.2850035051775331]","[0.0, 0.0, 0.0]","[0.9997425925319013, -2.9032574443794643e-08, 0.02268803425664938, 4.218010293592808e-05]","[[0.9993132295012821, -8.804722448321215e-05, 0.03705484572096151], [8.804242858256405e-05, 0.9999999961227146, 1.7611867106750554e-06], [-0.03705484573235689, 1.5024214284262526e-06, 0.9993132333785509]]","[0.00010394857637693349, 1.5041044852021601, -0.001248088973532527]",[17.369239500609556],"[0.9984243875888226, 6.344207742651735e-08, 0.05611365491465313, -0.0]",[0.5],"[1.9986264590025642, -0.0001760944489664243, 0.07410969144192302]","[71.23692187137259, 66.37818887305411, 59.01173633637856, 66.37839617978433]"
6,0.035,"[1.0000793282784397, 3.5340477340786227e-09, 0.005513923973673994]","[1.0, 0.0, 1.0]","[0.011881242236657407, 5.405592813004978e-07, 0.320809691355329]","[0.0, 0.0, 0.0]","[0.9996502124391144, 1.3720454511836186e-09, 0.026447140586215043, 3.9054402423101016e-05]","[[0.9989705026448161, -8.433980830894149e-05, 0.04536438837194129], [8.433717354076732e-05, 0.9999999964416763, 1.972017443203296e-06], [-0.045364388376839676, 1.8559170382340374e-06, 0.9989705062031367]]","[0.00010080831867180677, 1.3513207894921764, -0.0014662186034353306]",[16.988727024647666],"[0.9984054609167229, 1.102082336277111e-07, 0.05644940754032805, -0.0]",[0.5],"[1.9979410052896323, -0.00016867961661788298, 0.09072877674388258]","[70.59627490862378, 65.37938253905655, 58.78772893958524, 65.3791423820414]"
7,0.04,"[1.000138734489623, 6.236844140581112e-09, 0.007117972430450639]","[1.0, 0.0, 1.0]","[0.01627602423580528, 7.12026927117452e-07, 0.3547586405255517]","[0.0, 0.0, 0.0]","[0.9995551622408926, 2.4423760391136823e-08, 0.029824090692026406, 3.538327556984447e-05]","[[0.9986010944591333, -7.808141078451333e-05, 0.05287577941094116], [7.808155593122907e-05, 0.9999999969495073, 2.0630114117352364e-06], [-0.05287577941072682, 2.0684976738422435e-06, 0.998601097509626]]","[9.482523432998277e-05, 1.204924071928708, -0.0015128625354507]",[16.623043851485985],"[0.9983998984257203, 1.6362115425876108e-07, 0.05654770396297856, -0.0]",[0.5],"[1.9972021889182665, -0.00015616282156902665, 0.10575155882188232]","[69.87069528197725, 64.51062989767753, 58.46320965831617, 64.51016616744765]"
8,0.045,"[1.000220114610802, 9.796978776168372e-09, 0.008891765633078398]","[1.0, 0.0, 1.0]","[0.02112680779289247, 8.797674840579361e-07, 0.3869233408119178]","[0.0, 0.0, 0.0]","[0.9994607884059231, 4.199642621720009e-08, 0.0328349119189181, 3.1595661708520454e-05]","[[0.9982210447248352, -7.07336146727703e-05, 0.05962164762243949], [7.073652833855008e-05, 0.9999999974960465, 2.0617222475914166e-06], [-0.05962164761898271, 2.1593738307125984e-06, 0.9982210472287865]]","[8.77059135798845e-05, 1.0648013751640306, -0.00146286537630419]",[16.271886975701513],"[0.9984070262784012, 2.2074581390472457e-07, 0.05642171459528046, -0.0]",[0.5],"[1.9964420894496704, -0.0001414672293455406, 0.11924329524487898]","[69.10017997546807, 63.73192053936406, 58.082767711217976, 63.731362000417924]"
9,0.049999999999999996,"[1.0003257486497665, 1.4195816196458053e-08, 0.010826382337137987]","[1.0, 0.0, 1.0]","[0.026356205463514793, 1.0383944127651887e-06, 0.41737617177618097]","[0.0, 0.0, 0.0]","[0.9993698409742028, 5.695237872187804e-08, 0.035495354216081694, 2.7933283536152526e-05]","[[0.9978437351219822, -6.315449202489787e-05, 0.06563441391009567], [6.316000782072089e-05, 0.999999998003425, 1.990933975923857e-06], [-0.06563441390478805, 2.1588291009529532e-06, 0.9978437371185505]]","[8.036846906484242e-05, 0.9308466742312858, -0.0013622150188732029]",[15.934926082482939],"[0.9984260179406577, 2.7926136049484743e-07, 0.05608463870868457, -0.0]",[0.5],"[1.9956874702439644, -0.00012630898404979575, 0.13126882782019134]","[68.30875727140211, 63.01735406349933, 57.67615894488713, 63.01677188431097]"
10,0.05499999999999999,"[1.0004575296770841, 1.9387788260283997e-08, 0.012913263196018892]","[1.0, 0.0, 1.0]","[0.03189418022639707, 1.1843000817621537e-06, 0.4461885185324596]","[0.0, 0.0, 0.0]","[0.9992845334373713, 7.186197277675475e-08, 0.03782090204478201, 2.452282638443676e-05]","[[0.9974801580976131, -5.582731916111177e-05, 0.07094597299967885], [5.5835405340536496e-05, 0.9999999984394569, 1.8691706077351823e-06], [-0.07094597299331538, 2.0968365664007256e-06, 0.9974801596581433]]","[7.327881848041213e-05, 0.8029648846009905, -0.0012387343358894894]",[15.611808616416726],"[0.9984559247765991, 3.373627007260428e-07, 0.055549673971972746, -0.0]",[0.5],"[1.9949603161952263, -0.00011165463832222354, 0.1418919459993577]","[67.51145227017874, 62.35024071312106, 57.262363654722364, 62.349672176189465]"
11,0.05999999999999999,"[1.000617000578216, 2.5309288669094765e-08, 0.01514420578868119]","[1.0, 0.0, 1.0]","[0.03767745618941217, 1.315235326132055e-06, 0.47343045597246514]","[0.0, 0.0, 0.0]","[0.9992065981166005, 8.857522306301893e-08, 0.03982679777947508, 2.1421378645303822e-05]","[[0.9971391575343, -4.900512647500883e-05, 0.07558768491152554], [4.901599801354137e-05, 0.9999999987972518, 1.7113297132177401e-06], [-0.07558768490447651, 1.998571944970174e-06, 0.9971391587370277]]","[6.664885547493211e-05, 0.6810701657760748, -0.0011088669284356955]",[15.30216455176358],"[0.9984957045683114, 3.936705560233081e-07, 0.054829991414155524, -0.0]",[0.5],"[1.9942783150686, -9.801025295001765e-05, 0.15117536982305108]","[66.7176750044334, 61.71985792128979, 56.853328572283615, 61.719320817667324]"
12,0.06499999999999999,"[1.0008053878591632, 3.188546529975504e-08, 0.017511358068543516]","[1.0, 0.0, 1.0]","[0.04364896878698372, 1.4299742218483633e-06, 0.4991704936471204]","[0.0, 0.0, 0.0]","[0.9991373377624412, 1.0818480454125558e-07, 0.04152806209465646, 1.8644898528821557e-05]","[[0.9968276514395148, -4.280171043128884e-05, 0.07959039825000895], [4.281582110127766e-05, 0.9999999990822335, 1.5292799362997258e-06], [-0.07959039824241933, 1.8832997255565987e-06, 0.99682765235725]]","[6.0551769168478106e-05, 0.565083744197392, -0.0009819767315342586]",[15.005610548181599],"[0.998544248254033, 4.471537821932456e-07, 0.05393870853652579, -0.0]",[0.5],"[1.9936553028790296, -8.560342086257768e-05, 0.1591807965000179]","[65.93326944382095, 61.1193246679334, 56.4564593626333, 61.11882588042074]"
13,0.06999999999999999,"[1.0010236327030981, 3.903533640899685e-08, 0.02000721053677912]","[1.0, 0.0, 1.0]","[0.04975735371771294, 1.5280498117359348e-06, 0.523475372958124]","[0.0, 0.0, 0.0]","[0.9990776737701247, 1.311447079007713e-07, 0.042939509918896654, 1.6185924673655992e-05]","[[0.9965508394220604, -3.724864314731388e-05, 0.082984474811411], [3.726661396843663e-05, 0.9999999993047122, 1.3323900525155407e-06], [-0.08298447480334262, 1.7647559628983413e-06, 0.9965508401173014]]","[5.498835757330196e-05, 0.4549318107473495, -0.0008630660237139826]",[14.72175354392741],"[0.9986004048041862, 4.970636968020534e-07, 0.0528888601188208, -0.0]",[0.5],"[1.9931016788441207, -7.449728629462776e-05, 0.165968949622822]","[65.16181314013292, 60.544218258742866, 56.07622096048532, 60.54375880672046]"
14,0.075,"[1.0012724194716867, 4.667558546767653e-08, 0.022624587401569737]","[1.0, 0.0, 1.0]","[0.05595647325555068, 1.609547738026638e-06, 0.5464099093726424]","[0.0, 0.0, 0.0]","[0.9990281912997043, 1.5743089673664771e-07, 0.04407576195291894, 1.4024486836889378e-05]","[[0.9963123964518817, -3.233072936257795e-05, 0.08579981136944632], [3.235325452052082e-05, 0.9999999994759974, 1.1279838467484011e-06], [-0.08579981136095553, 1.6520788455354612e-06, 0.9963123969758156]]","[4.9924565028686604e-05, 0.35054355634467743, -0.000754488061881654]",[14.450193861487367],"[0.9986630041230588, 5.428792604781307e-07, 0.05169336703690986, -0.0]",[0.5],"[1.9926247929037635, -6.46614587251559e-05, 0.17159962273889265]","[64.40544994497161, 59.99167891554231, 55.71516345293732, 59.991256872815036]"
15,0.08,"[1.0015522018379643, 5.472332415780972e-08, 0.02535663694843295]","[1.0, 0.0, 1.0]","[0.06220497829129247, 1.6749464942626572e-06, 0.56803687331223]","[0.0, 0.0, 0.0]","[0.9989891815242717, 1.8669387054168866e-07, 0.04495125193116528, 1.21347318754112e-05]","[[0.9961146540231668, -2.8007837663671013e-05, 0.08806585749237765], [2.8035593210585412e-05, 0.9999999996065779, 9.217240786261554e-07], [-0.0880658574835461, 1.5508356947121702e-06, 0.9961146544164896]]","[4.5312246662524535e-05, 0.2518493578174886, -0.0006570213364860872]",[14.19052789279346],"[0.9987308778740325, 5.842617258382221e-07, 0.05036500353045812, -0.0]",[0.5],"[1.9922293080463336, -5.6015675327342026e-05, 0.1761317149847553]","[63.66542473359268, 59.459832610895816, 55.374581905752265, 59.45944475802047]"
16,0.085,"[1.0018632267294207, 6.3098056629123e-08, 0.028196821314994097]","[1.0, 0.0, 1.0]","[0.06846590429157595, 1.7249948243246193e-06, 0.5884169041904014]","[0.0, 0.0, 0.0]","[0.998960681176215, 2.1838479764416904e-07, 0.04558022985778403, 1.0488862219710067e-05]","[[0.9959587696051384, -2.4228147482049602e-05, 0.08981162875494325], [2.42617159748845e-05, 0.9999999997054269, 7.179324654414213e-07], [-0.08981162874588133, 1.463953093153581e-06, 0.9959587698995721]]","[4.110024844285361e-05, 0.1587791209228243, -0.0005705391082377925]",[13.942350421829694],"[0.9988028781453198, 6.210173679567917e-07, 0.04891636339957947, -0.0]",[0.5],"[1.9919175392102768, -4.8456294964099205e-05, 0.1796232575098865]","[62.942426617201384, 58.94742052810695, 55.05494255300916, 58.947063259633964]"
17,0.09000000000000001,"[1.0022055562508787, 7.17230307507461e-08, 0.031138905835946105]","[1.0, 0.0, 1.0]","[0.07470629926055643, 1.7606184764168923e-06, 0.6076084527937022]","[0.0, 0.0, 0.0]","[0.9989425095175987, 2.5185181820688647e-07, 0.045976761483887456, 9.05939945589726e-06]","[[0.9958448850721908, -2.0936013836981942e-05, 0.09106571493838202], [2.0975829954078212e-05, 0.9999999997798723, 5.198538494157255e-07], [-0.0910657149292196, 1.3924851542683218e-06, 0.9958448852921279]]","[3.7239968280709926e-05, 0.0712607864428292, -0.0004944229206144761]",[13.705256634075578],"[0.9988778938968876, 6.530670128052458e-07, 0.047359825629868305, -0.0]",[0.5],"[1.9916897701443816, -4.1872027673963884e-05, 0.18213142987676403]","[62.23680867759677, 58.45356222221868, 54.75615955828014, 58.453232020694706]"
18,0.09500000000000001,"[1.0025790877471814, 8.052612313283055e-08, 0.03417694809991462]","[1.0, 0.0, 1.0]","[0.08089688173862217, 1.7828499909309646e-06, 0.6256677478297906]","[0.0, 0.0, 0.0]","[0.9989343028254024, 2.8640942052537366e-07, 0.04615472432467307, 7.820413584132822e-06]","[[0.9957722746427622, -1.807647979244279e-05, 0.09185628299697647], [1.8122797116342713e-05, 0.9999999998357278, 3.2987272132978174e-07], [-0.09185628298784997, 1.3362146705544107e-06, 0.9957722748067808]]","[3.368783071368851e-05, -0.010780995600955301, -0.0004278146426976279]",[13.47884385495875],"[0.9989548651562701, 6.804212245264708e-07, 0.04570751995192244, -0.0]",[0.5],"[1.9915445492855244, -3.615295958488558e-05, 0.18371256599395294]","[61.548727921040054, 57.97760507030207, 54.477776095031366, 57.977298732454294]"
19,0.10000000000000002,"[1.0029835721558744, 8.944037308748538e-08, 0.03730528683906357]","[1.0, 0.0, 1.0]","[0.08701172686131725, 1.7927764470652309e-06, 0.6426487830132876]","[0.0, 0.0, 0.0]","[0.9989355464550357, 3.213858569993536e-07, 0.046127800543046, 6.74812192627779e-06]","[[0.9957394827227093, -1.5597720487247378e-05, 0.09221107473521155], [1.5650597078640728e-05, 0.9999999998775184, 1.4968967653087446e-07], [-0.09221107472625219, 1.2941064557914412e-06, 0.995739482844863]]","[3.0406084130891015e-05, -0.08742601980196921, -0.0003697671067394101]",[13.262713053186168],"[0.9990327949601376, 7.031601671599405e-07, 0.04397129283568095, -0.0]",[0.5],"[1.9914789654454186, -3.1195440974494755e-05, 0.1844221494704231]","[60.878233600330326, 57.51902928626907, 54.219084133598656, 57.51874401070359]"
20,0.10500000000000002,"[1.003418630790181, 9.840425532281153e-08, 0.040518530754130005]","[1.0, 0.0, 1.0]","[0.09302797852100354, 1.7915011257362051e-06, 0.6586033215354573]","[0.0, 0.0, 0.0]","[0.9989456045256732, 3.5615368939471726e-07, 0.04590946705010989, 5.821111361980528e-06]","[[0.9957444519430478, -1.345222808252498e-05, 0.0921573992888106], [1.351152737336107e-05, 0.9999999999087194, -1.9535468858144007e-08], [-0.0921573992801356, 1.264639557880133e-06, 0.9957444520339156]]","[2.736272760253085e-05, -0.15875950501417113, -0.0003193314396443927]",[13.056470139379824],"[0.9991107590686381, 7.2141730520558e-07, 0.04216267440247626, -0.0]",[0.5],"[1.9914889038860957, -2.690445616504996e-05, 0.1843147985776212]","[60.22532207712004, 57.07738863368506, 53.979204951266404, 57.077122033923864]"
21,0.11000000000000003,"[1.003883770682786, 1.0736176095149255e-07, 0.04381154736180729]","[1.0, 0.0, 1.0]","[0.09892558571652028, 1.7801158895199023e-06, 0.6735809151757951]","[0.0, 0.0, 0.0]","[0.9989637472579451, 3.9014790121092025e-07, 0.04551298319170262, 5.0203422439442995e-06]","[[0.9957846416025793, -1.1597245564873726e-05, 0.09172212063579344], [1.1662648869145893e-05, 0.9999999999319757, -1.7706808457717865e-07], [-0.0917221206275006, 1.2460445656486405e-06, 0.9957846416700962]]","[2.45310224685454e-05, -0.22487289927462795, -0.0002756052056184587]",[12.859727085758797],"[0.9991879135095073, 7.35366242557985e-07, 0.04029284670976625, -0.0]",[0.5],"[1.9915692832051586, -2.319449112974745e-05, 0.18344424127158687]","[59.58996997813663, 56.652274011835814, 53.75714444974414, 56.65202409147256]"
22,0.11500000000000003,"[1.0043783986113686, 1.1626234039909207e-07, 0.047179451937686266]","[1.0, 0.0, 1.0]","[0.10468706123648172, 1.7596817615430354e-06, 0.6876289356702021]","[0.0, 0.0, 0.0]","[0.9989891759876609, 4.22875149271553e-07, 0.044951376403562684, 4.3290320031719855e-06]","[[0.995857136671576, -9.994766211315738e-06, 0.09093164048005961], [1.0065793390796101e-05, 0.9999999999492881, -3.225057144265039e-07], [-0.0909316404722249, 1.2364687230874304e-06, 0.9958571367216793]]","[2.1888839555776924e-05, -0.2858645113956835, -0.00023775658323410215]",[12.672102888597681],"[0.9992635000376884, 7.452101180145421e-07, 0.03837261382644383, -0.0]",[0.5],"[1.991714273343152, -1.9989532422631476e-05, 0.18186328096011922]","[58.97215326366116, 56.243291646790546, 53.5518322687673, 56.243056757583965]"
23,0.12000000000000004,"[1.004901833917551, 1.2506074920680725e-07, 0.05061759661603728]","[1.0, 0.0, 1.0]","[0.11029726089536328, 1.7312157311500905e-06, 0.7007926162587035]","[0.0, 0.0, 0.0]","[0.9990210458778204, 4.539168952149949e-07, 0.044237426225408306, 3.732478370920769e-06]","[[0.9959587474813695, -8.611294587332756e-06, 0.08981187694947385], [8.687329867359229e-06, 0.9999999999621614, -4.5570349975759e-07], [-0.08981187694215129, 1.2340872879082018e-06, 0.9959587475184929]]","[1.9417975477654165e-05, -0.3418399725856679, -0.00020503414818376012]",[12.493224391775556],"[0.9993368496227264, 7.511730775105594e-07, 0.03641237407201012, -0.0]",[0.5],"[1.991917494962739, -1.7222589174665512e-05, 0.1796237538989477]","[58.371857159722985, 55.85005056294029, 53.36215040996061, 55.84982935732396]"
24,0.12500000000000003,"[1.005453320222028, 1.337168278625577e-07, 0.0541215596973308]","[1.0, 0.0, 1.0]","[0.11574318162456917, 1.6956822489618234e-06, 0.7131151016020226]","[0.0, 0.0, 0.0]","[0.9990584863543577, 4.829284525400771e-07, 0.04338364706605184, 3.217858202463939e-06]","[[0.9960861002140402, -7.41748866133814e-06, 0.08838823963268912], [7.497809121996298e-06, 0.9999999999717251, -5.76714589655515e-07], [-0.08838823962591218, 1.2371755359416737e-06, 0.9960861002414909]]","[1.710350485095658e-05, -0.3929125334054427, -0.0001767682461971478]",[12.3227269868418],"[0.9994073840996841, 7.534934295108193e-07, 0.034422094742456597, -0.0]",[0.5],"[1.9921722004280804, -1.483497732267628e-05, 0.17677647926537823]","[57.78908018438821, 55.47215591010734, 53.18695498296459, 55.471947294186364]"
25,0.13000000000000003,"[1.0060320361301507, 1.421952391073668e-07, 0.05768713520534091]","[1.0, 0.0, 1.0]","[0.12101377681038782, 1.6539882184846869e-06, 0.7246375044864786]","[0.0, 0.0, 0.0]","[0.9991006192980564, 5.096354248742304e-07, 0.04240227010768988, 2.774022920316501e-06]","[[0.9962357183137873, -6.387754695026849e-06, 0.08668560154379086], [6.471559485199462e-06, 0.9999999999788244, -6.857426884956927e-07], [-0.08668560153757489, 1.244152386752875e-06, 0.9962357183340301]]","[1.4933198183553015e-05, -0.4392032032274995, -0.00015236766873115873]",[12.160255202603867],"[0.9994746161391335, 7.524181622170165e-07, 0.03241128959121449, -0.0]",[0.5],"[1.9924714366275746, -1.2775509390053698e-05, 0.17337120308758172]","[57.223834386944915, 55.109205946021895, 53.0250933400775, 55.10900903604038]"
26,0.13500000000000004,"[1.0066371050142027, 1.5046518019979023e-07, 0.06131032272777331]","[1.0, 0.0, 1.0]","[0.12609978736483243, 1.6069805632888884e-06, 0.7353989679357178]","[0.0, 0.0, 0.0]","[0.9991465750350018, 5.338285837279072e-07, 0.04130522472790107, 2.3913023108030796e-06]","[[0.9964040949640388, -5.499836637386509e-06, 0.08472826865130031], [5.586275433154366e-06, 0.9999999999840904, -7.831043989117774e-07], [-0.08472826864564537, 1.2536038755205093e-06, 0.9964040949789098]]","[1.2897015112730497e-05, -0.48084074107380914, -0.00013131390885640727]",[12.00546319523209],"[0.9995381477074284, 7.481985612314077e-07, 0.03038899927676159, -0.0]",[0.5],"[1.9928081899280776, -1.0999673274773018e-05, 0.16945653730260063]","[56.67614319997361, 54.760791262901165, 52.87541800837908, 54.76060534643791]"
27,0.14000000000000004,"[1.0072676039510269, 1.5850008301623466e-07, 0.0649873175674519]","[1.0, 0.0, 1.0]","[0.13099358711198383, 1.555445662449921e-06, 0.7454367315202528]","[0.0, 0.0, 0.0]","[0.9991955061799813, 5.553579163136197e-07, 0.040104119803002346, 2.061322714128246e-06]","[[0.9965877568089188, -4.734423208190248e-06, 0.08253994763841993], [4.822622846658482e-06, 0.9999999999879936, -8.691994434949077e-07], [-0.08253994763331374, 1.264292560855189e-06, 0.9965877568197854]]","[1.0986672298486138e-05, -0.5179615082183233, -0.00011315437146638911]",[11.858015148227434],"[0.999597667199713, 7.410867158093707e-07, 0.028363774931111686, -0.0]",[0.5],"[1.9931755136178375, -9.468846416380496e-06, 0.16507989527683986]","[56.146037838419026, 54.42649535471834, 52.73679828647204, 54.42631985693167]"
28,0.14500000000000005,"[1.0079225718865867, 1.6627731132848426e-07, 0.06871450122505315]","[1.0, 0.0, 1.0]","[0.13568904117009112, 1.500110114282198e-06, 0.7547862008056241]","[0.0, 0.0, 0.0]","[0.9992465994005618, 5.741263423255582e-07, 0.0388102252367405, 1.7768422136461438e-06]","[[0.9967833191411549, -4.074784504668557e-06, 0.08014371257521663], [4.163873066306105e-06, 0.9999999999908852, -9.444872024439955e-07], [-0.08014371257063754, 1.275157334764192e-06, 0.9967833191490362]]","[9.195280315952897e-06, -0.5507091942119074, -9.749534632567216e-05]",[11.717585590261981],"[0.9996529454348771, 7.313327424566892e-07, 0.026343664947000807, -0.0]",[0.5],"[1.9935666382823098, -8.149569009337114e-06, 0.16028742515043326]","[55.633552876622986, 54.10589594843447, 52.608130034626434, 54.1057304031929]"
29,0.15000000000000005,"[1.008601017092437, 1.7377786189989525e-07, 0.07248843222908127]","[1.0, 0.0, 1.0]","[0.14018137610709946, 1.4416424189556474e-06, 0.7634810190107061]","[0.0, 0.0, 0.0]","[0.9992990851834351, 5.900834320219363e-07, 0.03743445403442384, 1.531603409994595e-06]","[[0.9969875328278328, -3.5064431339945498e-06, 0.07756197118160589], [3.5955710246345533e-06, 0.9999999999930266, -1.0094682973466829e-06], [-0.07756197117752535, 1.2853068834337045e-06, 0.996987532833488]]","[7.517041916344152e-06, -0.5792344289963174, -8.399520087678562e-05]",[11.583859637836868],"[0.9997038307040457, 7.191825878197437e-07, 0.024336205027482002, -0.0]",[0.5],"[1.9939750656556656, -7.0128862679890995e-06, 0.15512394236321178]","[55.1387214356878, 53.7985667324893, 52.488343979575866, 53.79841075799645]"
30,0.15500000000000005,"[1.0093019239729726, 1.809860739946735e-07, 0.0763058373241348]","[1.0, 0.0, 1.0]","[0.1444670607434258, 1.3806552720726718e-06, 0.7715531400622582]","[0.0, 0.0, 0.0]","[0.9993522456983099, 6.032193396873475e-07, 0.03598734521519791, 1.3202032248033785e-06]","[[0.9971973232975976, -3.016880870717857e-06, 0.07481643134368976], [3.1052386751678584e-06, 0.999999999994612, -1.0646701927020264e-06], [-0.07481643134007465, 1.2940091425036646e-06, 0.9971973233015928]]","[5.947003609662698e-06, -0.6036942945058925, -7.235803342487784e-05]",[11.456533168867328],"[0.9997502430624021, 7.048762998261416e-07, 0.022348411490996558, -0.0]",[0.5],"[1.9943946465951952, -6.033761741435714e-06, 0.14963286268737952]","[54.66157028201985, 53.50407925080925, 52.37641273130916, 53.50393252924321]"
31,0.16000000000000006,"[1.0100242592766897, 1.8788935035503685e-07, 0.0801636030244461]","[1.0, 0.0, 1.0]","[0.1485436965698171, 1.317708239844614e-06, 0.7790329023328538]","[0.0, 0.0, 0.0]","[0.9994054208675336, 6.135590835049449e-07, 0.03447904782496575, 1.1379785784068907e-06]","[[0.9974098219652385, -2.5952795897351902e-06, 0.07192806851664948], [2.6821126402064395e-06, 0.9999999999957865, -1.1106359851199716e-06], [-0.071928068513464, 1.3006784219408385e-06, 0.9974098219679967]]","[4.480852896494963e-06, -0.624251749609003, -6.232789625825776e-05]",[11.335312932663191],"[0.9997921680486037, 6.886466779284423e-07, 0.020386777778704093, -0.0]",[0.5],"[1.994819643930477, -5.1905591794703804e-06, 0.14385613703329897]","[54.20211504938878, 53.22200481730781, 52.27135663818257, 53.22186707798219]"
32,0.16500000000000006,"[1.0107669777595387, 1.944778915542599e-07, 0.08405876753611037]","[1.0, 0.0, 1.0]","[0.1524099168392661, 1.2533106470469528e-06, 0.7859491024390094]","[0.0, 0.0, 0.0]","[0.9994580127612579, 6.211572452651151e-07, 0.032919306280195564, 9.80906513216156e-07]","[[0.9976223905195776, -2.232294054214735e-06, 0.06891709460663989], [2.3169137861491714e-06, 0.9999999999966572, -1.1479157124973603e-06], [-0.06891709460384701, 1.304861383812071e-06, 0.9976223905214147]]","[3.1147541884820215e-06, -0.641074982423634, -5.3683620648390064e-05]",[11.219916601291285],"[0.9998296500071749, 6.707182309876479e-07, 0.018457274069592557, -0.0]",[0.5],"[1.9952447810391551, -4.46458810842947e-06, 0.13783418921327978]","[53.76035573586925, 52.95191636159288, 52.17224856857235, 52.951787367170596]"
33,0.17000000000000007,"[1.011529027343735, 2.0074444478949467e-07, 0.08798851304830542]","[1.0, 0.0, 1.0]","[0.15606529347959816, 1.18792455534265e-06, 0.7923290685565164]","[0.0, 0.0, 0.0]","[0.9995094884478621, 6.260931239390726e-07, 0.03131744723929352, 8.455172554953456e-07]","[[0.9978326385461371, -1.919853617597098e-06, 0.0658029288737855], [2.001645880017278e-06, 0.999999999997304, -1.1770596480482558e-06], [-0.06580292887134831, 1.306222695811461e-06, 0.9978326385472898]]","[1.8452172846991575e-06, -0.6543367039691482, -4.6234231344364745e-05]",[11.110072766953307],"[0.9998627851776255, 6.513063855658248e-07, 0.016565349873078308, -0.0]",[0.5],"[1.9956652770922743, -3.839707235194196e-06, 0.131605857747571]","[53.336272583757676, 52.693390152464495, 52.07821768910451, 52.69326968779603]"
34,0.17500000000000007,"[1.012309353811133, 2.066840675662079e-07, 0.091950158391088]","[1.0, 0.0, 1.0]","[0.1595102510569592, 1.121967744928344e-06, 0.7981987327821793]","[0.0, 0.0, 0.0]","[0.9995593814372643, 6.284663507025796e-07, 0.029682368164067992, 7.288187400298381e-07]","[[0.9980384349953985, -1.6509897622762942e-06, 0.06260417134033713], [1.7294203157796797e-06, 0.9999999999977863, -1.1986131519803576e-06], [-0.06260417133821963, 1.3045309201359087e-06, 0.9980384349960443]]","[6.689930962238408e-07, -0.6642133968121613, -3.981491438105753e-05]",[11.005520889760254],"[0.999891714700167, 6.306168988118154e-07, 0.014715939438653599, -0.0]",[0.5],"[1.996076869990797, -3.3019795245525884e-06, 0.12520834268067427]","[52.92982241870401, 52.44600736891791, 51.98845230284713, 52.445895232121906]"
35,0.18000000000000008,"[1.0131069050664177, 2.1229390629084963e-07, 0.0959411520549989]","[1.0, 0.0, 1.0]","[0.16274598709959734, 1.0558166392161772e-06, 0.8035827021366202]","[0.0, 0.0, 0.0]","[0.9996072918604221, 6.283929557201259e-07, 0.028022527699749177, 6.282312132478396e-07]","[[0.9982379140392832, -1.4196864787276585e-06, 0.059338579124253985], [1.4943039571287876e-06, 0.9999999999981478, -1.2131127411919354e-06], [-0.05933857912242184, 1.2996450058576868e-06, 0.9982379140395556]]","[-4.1700793135534563e-07, -0.6708845318564564, -3.4283490714182915e-05]",[10.906011200108331],"[0.9999166176724008, 6.088454392473293e-07, 0.012913469797656316, -0.0]",[0.5],"[1.9964758280785664, -2.839372957455317e-06, 0.11867715824850797]","[52.54093549992156, 52.20935550333734, 51.902201810366066, 52.209251498786934]"
36,0.18500000000000008,"[1.0139206350019156, 2.1757298948693052e-07, 0.099959065565682]","[1.0, 0.0, 1.0]","[0.16577439816569745, 9.89809132336881e-07, 0.8085043278625165]","[0.0, 0.0, 0.0]","[0.9996528855317057, 6.260018661529444e-07, 0.026345937968667868, 5.4153064956042e-07]","[[0.9984294758818443, -1.220750685457732e-06, 0.056023046050849436], [1.29118732148971e-06, 0.9999999999984209, -1.2210831082329533e-06], [-0.05602304604927034, 1.291501614533292e-06, 0.9984294758818438]]","[-1.4157785701172711e-06, -0.6745317657460494, -2.951734433013247e-05]",[10.81130455973905],"[0.9999377043747417, 5.861773060282393e-07, 0.011161871233268042, -0.0]",[0.5],"[1.9968589517636885, -2.441501370915464e-06, 0.11204609210169887]","[52.169512913968575, 51.98302959129979, 51.818777858849614, 51.98293352422083]"
37,0.19000000000000009,"[1.0147495069927441, 2.2252203514861493e-07, 0.10400158720499458]","[1.0, 0.0, 1.0]","[0.16859801110834405, 9.242472941516684e-07, 0.8129857727273718]","[0.0, 0.0, 0.0]","[0.9996958920418515, 6.214318084927131e-07, 0.02466015884057807, 4.667998444334212e-07]","[[0.9986117831045157, -1.0497001402059944e-06, 0.052673585825514346], [1.1156705655417375e-06, 0.9999999999986298, -1.223034877893145e-06], [-0.05267358582415835, 1.2801034094989499e-06, 0.9986117831043185]]","[-2.330262016403156e-06, -0.6753381305292847, -2.5410753903709188e-05]",[10.721172285479282],"[0.9999552097651931, 5.62787263025909e-07, 0.009464589961104665, -0.0]",[0.5],"[1.9972235662090314, -2.0994002804119887e-06, 0.10534717165102869]","[51.815424528698976, 51.76663326877409, 51.73755474756173, 51.76654494120007]"
38,0.1950000000000001,"[1.015592497048286, 2.2714327161937327e-07, 0.10806651606863144]","[1.0, 0.0, 1.0]","[0.17121991905477793, 8.593999383803332e-07, 0.8170480760902674]","[0.0, 0.0, 0.0]","[0.9997361020279744, 6.148285850597578e-07, 0.022972294212188233, 4.023861752920358e-07]","[[0.9987837531314792, -9.026665595596971e-07, 0.04930531898063107], [9.639649879837692e-07, 0.9999999999987919, -1.2194629356476376e-06], [-0.049305318979470734, 1.2655083688895786e-06, 0.9987837531311426]]","[-3.163386326650669e-06, -0.6734872263026823, -2.1872579844271637e-05]",[10.635395939589701],"[0.9999693873268461, 5.38839468640477e-07, 0.007824602793858998, -0.0]",[0.5],"[1.9975675062629583, -1.8053331191193942e-06, 0.09861063796126214]","[51.47850751062858, 51.5597796616854, 51.65796916050675, 51.55969886954776]"
39,0.2000000000000001,"[1.01644859664356, 2.3144027131127494e-07, 0.11215175644908278]","[1.0, 0.0, 1.0]","[0.17364372167588357, 7.955050473219323e-07, 0.8207112165384497]","[0.0, 0.0, 0.0]","[0.9997733637637648, 6.063426933337458e-07, 0.02128899030011758, 3.4686514194773514e-07]","[[0.9989445473969335, -7.763119265006983e-07, 0.045932463741160535], [8.32808019084923e-07, 0.9999999999989202, -1.210845198874583e-06], [-0.04593246374017094, 1.2478201332974865e-06, 0.9989445473965013]]","[-3.9180884223242336e-06, -0.6691624265478124, -1.882426249132062e-05]",[10.553767090588943],"[0.9999805033345719, 5.144874858626082e-07, 0.006244433558918223, -0.0]",[0.5],"[1.997889094793867, -1.5526238530013965e-06, 0.09186492748232107]","[51.15856539761455, 51.36209211557289, 51.57951929875563, 51.36201864673583]"
40,0.2050000000000001,"[1.0173168152519394, 2.354177965478846e-07, 0.11625531253177503]","[1.0, 0.0, 1.0]","[0.17587346937528095, 7.327720521920493e-07, 0.8239941719423957]","[0.0, 0.0, 0.0]","[0.9998075792076874, 5.961272570115122e-07, 0.019616435925503793, 2.9900890896043116e-07]","[[0.9990935577837625, -6.677562120411075e-07, 0.04256833088738608], [7.193899069088247e-07, 0.9999999999990242, -1.197641730930972e-06], [-0.04256833088654481, 1.2271793655004689e-06, 0.9990935577832678]]","[-4.597329632224517e-06, -0.6625461048215617, -1.619809158155443e-05]",[10.476087048355978],"[0.9999888315911769, 4.898743599377793e-07, 0.004726171037217035, -0.0]",[0.5],"[1.998187115567525, -1.335512424082215e-06, 0.08513666177477217]","[50.85536770903797, 51.17320477487533, 51.50176348518533, 51.17313840795016]"
41,0.2100000000000001,"[1.0181961825988157, 2.3908165680884486e-07, 0.12037528339148701]","[1.0, 0.0, 1.0]","[0.17791361107555254, 6.71383971894795e-07, 0.8269149768173777]","[0.0, 0.0, 0.0]","[0.9998386996400053, 5.843362388151696e-07, 0.0179603647450612, 2.577591721188901e-07]","[[0.9992303908829826, -5.745149625772957e-07, 0.03922532263107781], [6.212905311397463e-07, 0.9999999999991107, -1.1802941212572436e-06], [-0.03922532263036482, 1.203756077672352e-06, 0.9992303908824507]]","[-5.2041044326415595e-06, -0.6538188903866031, -1.3935711496730284e-05]",[10.402166577236525],"[0.9999946486680708, 4.6513275321669863e-07, 0.003271488194268273, -0.0]",[0.5],"[1.9984607817659652, -1.1490299251545913e-06, 0.07845064526215562]","[50.56865006745722, 50.99276302253615, 51.42431831336734, 50.992703526333315]"
42,0.2150000000000001,"[1.0190857506541935, 2.4243857666831886e-07, 0.1245098582755739]","[1.0, 0.0, 1.0]","[0.17976894532213533, 6.11499415529362e-07, 0.829490776915682]","[0.0, 0.0, 0.0]","[0.9998667210110114, 5.711229067326866e-07, 0.01632605936265148, 2.2220375998588083e-07]","[[0.999354850596316, -4.944454069775155e-07, 0.035914935463825605], [5.36424974909026e-07, 0.9999999999991844, -1.1592250728437009e-06], [-0.03591493546322313, 1.1777428678342622e-06, 0.999354850595766]]","[-5.741443773604277e-06, -0.6431589592975601, -1.1986830985164154e-05]",[10.331825590785398],"[0.999998229671492, 4.4038512852504126e-07, 0.001881662479825372, -0.0]",[0.5],"[1.998709701192632, -9.88890813955031e-07, 0.07182987092765121]","[50.298114798818055, 50.82042379131749, 51.34685641015923, 50.820370924814185]"
43,0.2200000000000001,"[1.0199845953808042, 2.454960737459657e-07, 0.1286573121601523]","[1.0, 0.0, 1.0]","[0.18144457446343157, 5.532544554435351e-07, 0.8317378810066075]","[0.0, 0.0, 0.0]","[0.9998916791132351, 5.566385273474037e-07, 0.014718357237438414, 1.915564597300743e-07]","[[0.9994669195712756, -4.2569991682942506e-07, 0.03264776688418472], [4.629966627441767e-07, 0.9999999999992489, -1.1348381525459102e-06], [-0.0326477668836771, 1.1493489996504456e-06, 0.9994669195707221]]","[-6.212414159153939e-06, -0.6307413664090389, -1.0308109913695836e-05]",[10.26489283166229],"[0.9999998445427052, 4.1574397375796653e-07, 0.0005575969804746819, -0.0]",[0.5],"[1.9989338391425513, -8.513998336588501e-07, 0.06529553376836944]","[50.04343197270647, 50.65585575857511, 51.26910387837993, 50.65580927129396]"
44,0.22500000000000012,"[1.0208918182531215, 2.4826234602318336e-07, 0.13281600156518533]","[1.0, 0.0, 1.0]","[0.18294586169897226, 4.967643784518988e-07, 0.8336718098312642]","[0.0, 0.0, 0.0]","[0.9999136446799212, 5.410312620048614e-07, 0.01314165828944983, 1.6513962506180598e-07]","[[0.9995667399203889, -3.666858109337401e-07, 0.02943352586407472], [3.9945702972422294e-07, 0.9999999999993069, -1.1075176707261352e-06], [-0.029433525863648207, 1.1187952563479202e-06, 0.9995667399198426]]","[-6.620113457711357e-06, -0.6167374227604335, -8.86219910223611e-06]",[10.201205540061327],"[0.9999997548894344, 3.9131206148305986e-07, -0.0007001577808340275, 0.0]",[0.5],"[1.9991334798407778, -7.333716218674802e-07, 0.05886705172814944]","[49.80424083974915, 50.498739436350206, 51.190837482012256, 50.498699069059256]"
45,0.23000000000000012,"[1.0218065475616163, 2.5074616791544283e-07, 0.13698436061434166]","[1.0, 0.0, 1.0]","[0.18427839081628197, 4.421253231379078e-07, 0.8353073422460371]","[0.0, 0.0, 0.0]","[0.9999327185009967, 5.244452436751469e-07, 0.011599934090805385, 1.4236918393244132e-07]","[[0.9996545936347524, -3.1603063281489675e-07, 0.026281046874862445], [3.444708246916075e-07, 0.9999999999993603, -1.0776286651088964e-06], [-0.026281046874505064, 1.0863094991993368e-06, 0.9996545936342215]]","[-6.967664253170386e-06, -0.6013141218319689, -7.616912411861113e-06]",[10.14060911389538],"[0.9999982113361674, 3.671827381843159e-07, -0.0018913815931605063, 0.0]",[0.5],"[1.9993091872695048, -6.320612656297935e-07, 0.05256209374972489]","[49.580151620056775, 50.34876716853676, 51.11188163189128, 50.34873265419469]"
46,0.23500000000000013,"[1.0227279395156976, 2.5295679453113235e-07, 0.14116089732557185]","[1.0, 0.0, 1.0]","[0.1854479284617513, 3.8941581111005616e-07, 0.8366585585924418]","[0.0, 0.0, 0.0]","[0.9999490266363424, 5.070198144283321e-07, 0.010096738520886517, 1.2274171569350595e-07]","[[0.9997308830581376, -2.725521497189329e-07, 0.02319830725985217], [2.9688627076240517e-07, 0.9999999999994096, -1.0455169701256587e-06], [-0.023198307259553512, 1.052122862726371e-06, 0.999730883057628]]","[-7.258205416837898e-06, -0.5846336172661657, -6.544513013607348e-06]",[10.082956763775265],"[0.9999954513728809, 3.434402384522813e-07, -0.0030161620364776986, 0.0]",[0.5],"[1.9994617661162752, -5.451042994378657e-07, 0.04639661451970434]","[49.370747594497516, 50.205643046622285, 51.03210522502098, 50.205614111503664]"
47,0.24000000000000013,"[1.0236551791580064, 2.5490387358668266e-07, 0.14534419011853406]","[1.0, 0.0, 1.0]","[0.18646038881165922, 3.386981797983117e-07, 0.8377388813520147]","[0.0, 0.0, 0.0]","[0.9999627157947001, 4.88888905376789e-07, 0.008635219756188294, 1.0582331255301983e-07]","[[0.9997961117424515, -2.3523242528840938e-07, 0.02019244771244874], [2.557094112531745e-07, 0.9999999999994557, -1.0115093578279746e-06], [-0.02019244771219981, 1.016466521863824e-06, 0.9997961117419676]]","[-7.494882456785506e-06, -0.566852753815619, -5.621098184219255e-06]",[10.028109165623729],"[0.9999916976751435, 3.20160019962598e-07, -0.004074871860793071, 0.0]",[0.5],"[1.999592223484903, -4.7046485057681875e-07, 0.04038489542489748]","[49.17558744953508, 50.069082755104056, 50.95141838567734, 50.06905912004997]"
48,0.24500000000000013,"[1.0245874811020648, 2.565973644856742e-07, 0.14953288452529412]","[1.0, 0.0, 1.0]","[0.18732180052685302, 2.900199239462541e-07, 0.838561113162919]","[0.0, 0.0, 0.0]","[0.9999739489352307, 4.701805427589781e-07, 0.007218133460339514, 9.123997925788337e-08]","[[0.9998508659595022, -2.0319540776123633e-07, 0.017269795597867663], [2.2008206029840002e-07, 0.9999999999994995, -9.75913739966498e-07], [-0.017269795597660717, 9.795689702033904e-07, 0.9998508659590466]]","[-7.680837107955102e-06, -0.5481226525155131, -4.8260690885732684e-06]",[9.975934113547508],"[0.9999871568634063, 2.974091155187778e-07, -0.005068146421786588, 0.0]",[0.5],"[1.9997017319190045, -4.0639081552247265e-07, 0.034539591195735325]","[48.99420782626558, 49.93881335717917, 50.86976915147504, 49.93879473892682]"
49,0.2500000000000001,"[1.0255240901046991, 2.580474641054055e-07, 0.1537256900911087]","[1.0, 0.0, 1.0]","[0.18803827588884445, 2.434149524390623e-07, 0.8391374722901893]","[0.0, 0.0, 0.0]","[0.9999829011377491, 4.510164655000533e-07, 0.005847857036625725, 7.866935873945492e-08]","[[0.9998957970986809, -1.7568755290237e-07, 0.014435890840640248], [1.8926285653472668e-07, 0.9999999999995414, -9.390194234160068e-07], [-0.014435890840468653, 9.416537528048149e-07, 0.9998957970982555]]","[-7.81919653850311e-06, -0.5285883503899155, -4.141673847691555e-06]",[9.926306175361141],"[0.9999820186654782, 2.7524649879122987e-07, -0.005996861315678181, 0.0]",[0.5],"[1.9997915941973619, -3.5137510580474e-07, 0.028871781681280496]","[48.82612602508423, 49.81457303071389, 50.78714014269147, 49.81455914326676]"
