,t,p,p_d,v,v_d,q,R,w,T_sp,q_sp,hover_throttle,fa,pwm
0,0.005,"[1.0, 0.0, 0.0]","[1.0, 0.0, 1.0]","[0.0, 0.0, 0.07347080375844742]","[0.0, 0.0, 0.0]","[1.0, 0.0, 0.0, 0.0]","[[1.0, 0.0, 0.0], [0.0, 1.0, 0.0], [0.0, 0.0, 1.0]]","[0.0, 1.4599160751689484, 0.009388321503378967]",[19.810000000000002],"[0.9988360968690235, 0.0, 0.04823330375844741, 0.0]",[0.5],"[1.917702154416812, 0.0, 0.0]","[0.0, 70.37400088100719, 120.82698685181835, 70.37400088100719]"
1,0.01,"[1.0, 0.0, 0.0003673540187922371]","[1.0, 0.0, 1.0]","[0.0, 0.0, 0.11979726357052506]","[0.0, 0.0, 0.0]","[0.9999933393069007, 0.0, 0.0036497658777900526, 2.3470647426626786e-05]","[[1.0, 0.0, 0.0], [0.0, 1.0, 0.0], [0.0, 0.0, 1.0]]","[0.0, 2.017369038971968, 0.004694160751689486]",[19.075291962415527],"[0.9987273846502726, 0.0, 0.050434225974299196, 0.0]",[0.5],"[1.9314723669634133, 0.0, 0.0]","[37.346861683782734, 73.18191774314927, 83.4824395646042, 73.18191774314927]"
2,0.015,"[1.0, 0.0, 0.0009663403366448624]","[1.0, 0.0, 1.0]","[0.0006796569593496986, 1.5952095115959846e-08, 0.16385506854576184]","[0.0, 0.0, 0.0]","[0.9999622141565881, -7.553996354625593e-08, 0.00869304432401199, 3.520552339455399e-05]","[[0.9999733573163323, -4.694098219169487e-05, 0.007299483135639313], [4.694098219169487e-05, 0.9999999988982576, 1.713247362146867e-07], [-0.007299483135639313, 1.713247362146867e-07, 0.9999733584180749]]","[4.8870122970856755e-05, 1.936373863034881, 0.001878303836307822]",[18.622057116107626],"[0.9986442449071669, 0.0, 0.05205451098410771, 0.0]",[0.5],"[1.9451609681276394, -9.13101991136101e-05, 0.014199047983695355]","[68.6185692381416, 70.76193922466202, 62.43841994252229, 70.76539227662396]"
3,0.02,"[1.0000033982847967, 7.976047557979924e-11, 0.0017856156793736716]","[1.0, 0.0, 1.0]","[0.0022611209748448513, 8.537291820447426e-08, 0.20575621798477126]","[0.0, 0.0, 0.0]","[0.9999084153382896, -8.297549245191516e-08, 0.013533637490218148, 3.9899210283014e-05]","[[0.9998488594819039, -7.040969959282221e-05, 0.01738543169468193], [7.040707290381686e-05, 0.999999997521131, 7.631605690478418e-07], [-0.01738543170531963, 4.610121322277536e-07, 0.9998488619607503]]","[7.854830376554674e-05, 1.7931588293492096, 0.00023613188491714444]",[18.192979539057525],"[0.9985672288849952, 4.372779003218339e-09, 0.05351158189534149, -0.0]",[0.5],"[1.9586271504116592, -0.00013792719566264232, 0.03405672589002709]","[71.12698896529294, 68.94467338224355, 60.22373470993134, 68.94682566726469]"
4,0.025,"[1.000014703889671, 5.066250666021705e-10, 0.002814396769297528]","[1.0, 0.0, 1.0]","[0.0046672977712485155, 1.9613867079792314e-07, 0.2455779525625793]","[0.0, 0.0, 0.0]","[0.9998376989088819, -5.749688453302986e-08, 0.018015942980275732, 4.048604953969384e-05]","[[0.9996336781286729, -7.979335817514628e-05, 0.02706479602659248], [7.978886633420463e-05, 0.9999999968160924, 1.2458986825716093e-06], [-0.02706479603983511, 9.140271098935744e-07, 0.999633681312553]]","[9.161881627505864e-05, 1.6484191958170031, -0.0006786249724260647]",[17.78086037699659],"[0.9985012535753639, 2.3983726362844655e-08, 0.054728846218666104, -0.0]",[0.5],"[1.9718808355440913, -0.00015740065309106485, 0.05338810983504898]","[71.09548969338546, 67.5240279371314, 60.059739588348314, 67.5249957717851]"
5,0.030000000000000002,"[1.0000380403785272, 1.4873184205917863e-09, 0.004042286532110424]","[1.0, 0.0, 1.0]","[0.0077988069734031915, 3.3293572601249307e-07, 0.2833950233473251]","[0.0, 0.0, 0.0]","[0.9997549650090155, -2.5896923607321725e-08, 0.022136134159786724, 3.878506967393104e-05]","[[0.9993508483188225, -8.096102894054355e-05, 0.036026037941489376], [8.095688549817038e-05, 0.999999996721753, 1.573763825459354e-06], [-0.036026037950800664, 1.343813614555617e-06, 0.9993508515970563]]","[9.477075729728314e-05, 1.5084296096709653, -0.001147691662961864]",[17.384699406804735],"[0.9984471176838945, 5.64838553740168e-08, 0.055707748013360946, -0.0]",[0.5],"[1.9849638639575264, -0.0001608091063375261, 0.07155683471497416]","[70.62215973838805, 66.36861026353533, 59.896523978057516, 66.36884772032184]"
6,0.035,"[1.0000770344133942, 3.1519970506542516e-09, 0.00545926164884705]","[1.0, 0.0, 1.0]","[0.011561930212053768, 4.833269494989188e-07, 0.3192820929005279]","[0.0, 0.0, 0.0]","[0.999664380027685, 1.196895409483334e-09, 0.025906099943222544, 3.591094592934688e-05]","[[0.9990199801203568, -7.75522784650169e-05, 0.044261420062696066], [7.754998543391573e-05, 0.9999999969914356, 1.7688841673073842e-06], [-0.04426142006671373, 1.665321855487868e-06, 0.9990199831289187]]","[9.255285269491652e-05, 1.3737350443779162, -0.0013482372161703056]",[17.00407819414801],"[0.9984049729883893, 9.826088896456192e-08, 0.0564580367356507, -0.0]",[0.5],"[1.9979124986468764, -0.00015509466229607697, 0.088517192959911]","[69.99588688523914, 65.39188659314755, 59.602672154197094, 65.39171700731711]"
7,0.04,"[1.0001348440644544, 5.568631798148846e-09, 0.00705567211334969]","[1.0, 0.0, 1.0]","[0.01587089945181086, 6.379189819013843e-07, 0.3533134954729381]","[0.0, 0.0, 0.0]","[0.999569515068317, 2.1852009390748632e-08, 0.029339111907887037, 3.253530215790251e-05]","[[0.9986577453922715, -7.179772498355234e-05, 0.05179481067743959], [7.179784901112074e-05, 0.999999997420808, 1.8582321211876839e-06], [-0.051794810677267655, 1.8630180960176005e-06, 0.9986577479714636]]","[8.76591569676748e-05, 1.2442904320391786, -0.001391095868732909]",[16.638613727509824],"[0.9983747273452312, 1.4614434706829574e-07, 0.05699038338451449, -0.0]",[0.5],"[2.0107581656817444, -0.00014456190066532005, 0.1042868179715493]","[69.29299504279504, 64.53708416039895, 59.2205457473455, 64.53670502101222]"
8,0.045,"[1.0002141985617135, 8.758226707655768e-09, 0.008822239590714381]","[1.0, 0.0, 1.0]","[0.02064757067324511, 7.898386504506468e-07, 0.3855628460783489]","[0.0, 0.0, 0.0]","[0.9994734134859282, 3.766317335376455e-08, 0.032448341879585535, 2.9052557406602638e-05]","[[0.9982784309078211, -6.504131016405368e-05, 0.05865296372602536], [6.50438746382494e-05, 0.9999999978829072, 1.865428537075282e-06], [-0.05865296372318151, 1.9527989467951974e-06, 0.9982784330249119]]","[8.161717291163769e-05, 1.1200014614604676, -0.0013450934187301778]",[16.287910850495546],"[0.9983561102881772, 1.9755035850305154e-07, 0.057315591685177664, -0.0]",[0.5],"[2.023528370282201, -0.0001318399078677876, 0.11889061450803233]","[68.5505132859542, 63.76721427421638, 58.790162153039454, 63.76674051928062]"
9,0.049999999999999996,"[1.0003174364150798, 1.2707419959909002e-08, 0.010750053821106125]","[1.0, 0.0, 1.0]","[0.0258208623312551, 9.342104888994896e-07, 0.41610270144914563]","[0.0, 0.0, 0.0]","[0.9993786405353111, 5.1136064258895616e-08, 0.035246732927645096, 2.568497854678458e-05]","[[0.9978942085304291, -5.807207322829555e-05, 0.06486251004288393], [5.8076961658396555e-05, 0.9999999983118952, 1.810127949542256e-06], [-0.0648625100385071, 1.9607013112806533e-06, 0.9978942102185285]]","[7.526385617939014e-05, 1.0007798262318426, -0.0012525191252455638]",[15.951561709806368],"[0.9983487010209627, 2.504194691952692e-07, 0.05744450513054899, -0.0]",[0.5],"[2.036247081712549, -0.00011849862302964598, 0.13235480841388797]","[67.79063644988365, 63.058309582081854, 58.33827249751267, 63.057805814842254]"
10,0.05499999999999999,"[1.000446540726736, 1.737847240440645e-08, 0.012830567328351854]","[1.0, 0.0, 1.0]","[0.03132620384709433, 1.0677158195880986e-06, 0.44500428094937855]","[0.0, 0.0, 0.0]","[0.9992873274223326, 6.454804925373187e-08, 0.037747009744721255, 2.2549051746730518e-05]","[[0.9975153343164184, -5.13344331261286e-05, 0.07044966407570914], [5.134164264292822e-05, 0.9999999986805586, 1.7084145774188572e-06], [-0.07044966407045543, 1.9128317389443827e-06, 0.9975153356358494]]","[6.903617094931179e-05, 0.8865472787401759, -0.0011389575331446672]",[15.629149089832087],"[0.9983519515484287, 3.0313525186859256e-07, 0.057387985148042324, -0.0]",[0.5],"[2.0489349951193416, -0.00010544290685898809, 0.14470632896890848]","[67.02719753151676, 62.39489732238975, 57.88194652922706, 62.394398266344865]"
11,0.05999999999999999,"[1.0006031717459716, 2.2717051502346945e-08, 0.015055588733098747]","[1.0, 0.0, 1.0]","[0.03710501862271828, 1.1882336705979643e-06, 0.47233724048243964]","[0.0, 0.0, 0.0]","[0.9992012120314977, 7.955767684038381e-08, 0.039961700249079295, 1.9697267083726044e-05]","[[0.9971503254937445, -4.506109032010807e-05, 0.07544021697488548], [4.5070836303484804e-05, 0.9999999989830723, 1.5733144567779478e-06], [-0.0754402169690635, 1.831322647294295e-06, 0.9971503265106557]]","[6.314351789142166e-05, 0.7772343583931552, -0.0010195287408062735]",[15.32024961579248],"[0.9983652084411546, 3.544493113875603e-07, 0.05715689437088307, -0.0]",[0.5],"[2.0616097646561378, -9.31638705167025e-05, 0.15597275955978948]","[66.26881321349826, 61.767007926328354, 57.431928413168535, 61.766530917969895]"
12,0.06499999999999999,"[1.0007886968390851, 2.8658219855336767e-08, 0.017417274935510943]","[1.0, 0.0, 1.0]","[0.04310424296840512, 1.2945529170563288e-06, 0.49816949220328843]","[0.0, 0.0, 0.0]","[0.99912167693077, 9.716145574393232e-08, 0.04190315493026141, 1.7144295116624542e-05]","[[0.9968061242504408, -3.935670776746556e-05, 0.079859558650573], [3.936942480760319e-05, 0.9999999992240226, 1.4152843116011894e-06], [-0.07985955864430473, 1.7332608201024763e-06, 0.9968061250263928]]","[5.766889160895517e-05, 0.6727786398467028, -0.0009028424605087743]",[15.024436515950606],"[0.99838773353703, 4.0341612812504216e-07, 0.05676207820921893, -0.0]",[0.5],"[2.0742862242877256, -8.189865087030784e-05, 0.16618234815836905]","[65.52078682950244, 61.16821655959798, 56.99487978136788, 61.16776905216547]"
13,0.06999999999999999,"[1.0010042180539271, 3.513098444061841e-08, 0.019908122396527384]","[1.0, 0.0, 1.0]","[0.04927587973708618, 1.3861440307123496e-06, 0.5225670636828311]","[0.0, 0.0, 0.0]","[0.9990497849708193, 1.177912307339982e-07, 0.04358356259226479, 1.4883272530887556e-05]","[[0.9964882506259274, -3.425033103036928e-05, 0.08373270084855683], [3.4266616516502435e-05, 0.9999999994121275, 1.24264787569226e-06], [-0.08373270084189377, 1.63095234207591e-06, 0.9964882512137622]]","[5.262761987860359e-05, 0.5731230163681948, -0.0007934975992092545]",[14.741281974991805],"[0.9984187235336759, 4.493376699636305e-07, 0.05621434422977254, -0.0]",[0.5],"[2.0869765997340997, -7.17315425933308e-05, 0.17536402179725508]","[64.78631582983347, 60.5943693130324, 56.57482199722639, 60.59395332644058]"
14,0.075,"[1.0012505974526125, 4.206170459418016e-08, 0.02252095771494154]","[1.0, 0.0, 1.0]","[0.05557658504872867, 1.4629797183949769e-06, 0.5455939909861767]","[0.0, 0.0, 0.0]","[0.9989863127135319, 1.4145162052553962e-07, 0.045014962453601474, 1.2895834803286591e-05]","[[0.9962009457005088, -2.9727992920335608e-05, 0.08708429767563503], [2.9748527966245667e-05, 0.9999999995569487, 1.0619734723828482e-06], [-0.08708429766862255, 1.5326906873278447e-06, 0.9962009461435045]]","[4.800102076887925e-05, 0.4782140770932429, -0.0006936572405309247]",[14.47035913434332],"[0.9984573283878514, 4.917169074801909e-07, 0.055524439559102724, -0.0]",[0.5],"[2.09969071295565, -6.265763038976817e-05, 0.1835473976038234]","[64.06726562602294, 60.042758695338, 56.174061025048395, 60.04237341874062]"
15,0.08,"[1.0015284803778561, 4.9376603186155047e-08, 0.025248927669872426]","[1.0, 0.0, 1.0]","[0.06196728635906723, 1.525395115521482e-06, 0.5673122408459923]","[0.0, 0.0, 0.0]","[0.9989317818740171, 1.6785259648765013e-07, 0.046209252725699944, 1.115820880654284e-05]","[[0.9959473059779969, -2.57527900402223e-05, 0.08993866272057112], [2.577825979777013e-05, 0.9999999996673551, 8.783945733232611e-07], [-0.08993866271327457, 1.4436275045879112e-06, 0.9959473063105619]]","[4.375532167759957e-05, 0.3880005893041131, -0.0006040365302596232]",[14.211243789989886],"[0.9985026684376264, 5.302191442149476e-07, 0.054703026631608864, -0.0]",[0.5],"[2.1124361800793383, -5.4622493672525974e-05, 0.19076278833077603]","[63.36466661497583, 59.51159204061857, 55.79378188773131, 59.51123532760938]"
16,0.085,"[1.0018383168096514, 5.700357876376246e-08, 0.028085488874102386]","[1.0, 0.0, 1.0]","[0.06841283006980779, 1.5739796604348356e-06, 0.5877816577422549]","[0.0, 0.0, 0.0]","[0.9988864889190158, 1.9652028697178814e-07, 0.0471781958321798, 9.644834115855895e-06]","[[0.9957294096760537, -2.2277066125180855e-05, 0.09231978233244632], [2.2308091497387904e-05, 0.9999999997509327, 6.958783948121603e-07], [-0.0923197823249546, 1.3665715680185153e-06, 0.9957294099250087]]","[3.9851987282963826e-05, 0.3024320920287981, -0.0005245183578459403]",[13.963515831373973],"[0.9985538501703021, 5.646400537882332e-07, 0.05376065763871496, -0.0]",[0.5],"[2.125218603383054, -4.7546687782809765e-05, 0.19704120112011142]","[62.67903330278617, 58.99965002407858, 55.434431926543894, 58.99931923013866]"
17,0.09000000000000001,"[1.0021803809600005, 6.487347706593663e-08, 0.03102439716281366]","[1.0, 0.0, 1.0]","[0.07488165686068438, 1.6094941408873508e-06, 0.6070599322499717]","[0.0, 0.0, 0.0]","[0.998850532929555, 2.268824083485242e-07, 0.047933420458971414, 8.330444205616548e-06]","[[0.9955484354899953, -1.9249646027219768e-05, 0.09425132478047046], [1.9286731917554774e-05, 0.9999999998138771, 5.174488264642627e-07], [-0.09425132477288883, 1.3026546642826902e-06, 0.9955484356759637]]","[3.625309393064527e-05, 0.22145760661524072, -0.0004545335872154513]",[13.726760458685835],"[0.998609980570251, 5.948793863906146e-07, 0.052707748055945115, -0.0]",[0.5],"[2.138041757717918, -4.1340577274101196e-05, 0.20241432854213406]","[62.01056876104312, 58.506068170826595, 55.095968853741766, 58.50576060419936]"
18,0.09500000000000001,"[1.0025547892443039, 7.292094777037338e-08, 0.03405969682406352]","[1.0, 0.0, 1.0]","[0.08134550293634318, 1.6328076083092567e-06, 0.6252025874959657]","[0.0, 0.0, 0.0]","[0.9988238418063444, 2.5833044977748995e-07, 0.04848642064985567, 7.191196589023778e-06]","[[0.9954047742674145, -1.6619986768891798e-05, 0.09575664514494012], [1.666348776838825e-05, 0.9999999998611047, 3.453701404531116e-07], [-0.09575664513738, 1.2518565984181689e-06, 0.9954047744061042]]","[3.2923891768723484e-05, 0.14502446943068634, -0.0003932927984709552]",[13.500569210366427],"[0.9986701799951188, 6.209194169401311e-07, 0.05155454963562015, -0.0]",[0.5],"[2.150907771536722, -3.591308744762278e-05, 0.20691453119673694]","[61.35929503430952, 58.030197742290646, 54.77802219195119, 58.0299108907444]"
19,0.10000000000000002,"[1.0029615167589856, 8.108498581191967e-08, 0.03718570976154335]","[1.0, 0.0, 1.0]","[0.087779125415588, 1.6448498812348322e-06, 0.6422629809828393]","[0.0, 0.0, 0.0]","[0.998806196872497, 2.902627020210857e-07, 0.048848552184373756, 6.2052233777984885e-06]","[[0.9952981339217041, -1.4340426170757665e-05, 0.09685878590157004], [1.4390528246175974e-05, 0.9999999998964401, 1.8129754097780143e-07], [-0.09685878589413921, 1.2134039901870553e-06, 0.9952981340249972]]","[2.9833806596980146e-05, 0.07307729108341762, -0.0003399247808318808]",[13.284540827886897],"[0.9987335935455322, 6.428073285157339e-07, 0.05031112325534744, -0.0]",[0.5],"[2.1638173025108447, -3.117665071007334e-05, 0.21057481139666023]","[60.725135659897475, 57.571517742653775, 54.479999242293175, 57.571249372764015]"
20,0.10500000000000002,"[1.0034004123860636, 8.930923521809383e-08, 0.040397024666457546]","[1.0, 0.0, 1.0]","[0.09416005014136784, 1.6465762134736499e-06, 0.6582923194001953]","[0.0, 0.0, 0.0]","[0.9987972559093821, 3.2211243813321083e-07, 0.04903102649477757, 5.352835527936608e-06]","[[0.9952276378219715, -1.236727329995273e-05, 0.09758047326360643], [1.242398895094015e-05, 0.9999999999228221, 2.6399984972940073e-08], [-0.09758047325640186, 1.186064726971402e-06, 0.9952276378988126]]","[2.6956606754220052e-05, 0.00555704556512486, -0.000293556815078234]",[13.07828198074475],"[0.998799400911877, 6.606408431676852e-07, 0.048987312006674145, -0.0]",[0.5],"[2.176769707559683, -2.7049797314073804e-05, 0.21342877767583907]","[60.10796717987439, 57.129579776733834, 54.20115555330836, 57.12932796268277]"
21,0.11000000000000003,"[1.0038712126367704, 9.754211628546208e-08, 0.043688486263458524]","[1.0, 0.0, 1.0]","[0.10046834025257467, 1.6389414031947382e-06, 0.6733396843568322]","[0.0, 0.0, 0.0]","[0.9987965746475107, 3.5336505541398566e-07, 0.04904490239528197, 4.616526373839556e-06]","[[0.9951919168244312, -1.0661207866297854e-05, 0.09794410943825656], [1.072438188025148e-05, 0.9999999999424869, -1.1853999741857016e-07], [-0.09794410943135969, 1.1683600797883565e-06, 0.9951919168815294]]","[2.4270149957283143e-05, -0.05759970848608484, -0.0002533589242135234]",[12.881407871054346],"[0.998866824701118, 6.745565209160337e-07, 0.047592714894729625, -0.0]",[0.5],"[2.189763206987342, -2.3458310234428497e-05, 0.21551060007943454]","[59.507650553334095, 56.70397396734626, 53.94064269051331, 56.703737082502]"
22,0.11500000000000003,"[1.0043735543380332, 1.0573682330143577e-07, 0.04705518468524268]","[1.0, 0.0, 1.0]","[0.10668638392976915, 1.622881187468113e-06, 0.6874520672389919]","[0.0, 0.0, 0.0]","[0.9988036267249215, 3.8356727520672623e-07, 0.04890107590993327, 3.980864566263563e-06]","[[0.9951891950554498, -9.187279948616315e-06, 0.09797176103592084], [9.256602967227044e-06, 0.9999999999571255, -2.5304544307482127e-07], [-0.09797176102939556, 1.1587137847156448e-06, 0.9951891950978247]]","[2.1755943146536087e-05, -0.1164614735463202, -0.00021856609117401176]",[12.693542734042836],"[0.9989351372663048, 6.847202438888955e-07, 0.04613666149907374, -0.0]",[0.5],"[2.202795042322089, -2.0335524967299863e-05, 0.2168549563939611]","[58.92404952938846, 56.294308330548155, 53.69754149250663, 56.29408502095683]"
23,0.12000000000000004,"[1.004906986257682, 1.1385122923877633e-07, 0.05049244502143764]","[1.0, 0.0, 1.0]","[0.11279869980366092, 1.5992992242641227e-06, 0.7006744116342322]","[0.0, 0.0, 0.0]","[0.9988178221201957, 4.123307958677251e-07, 0.04861026849461502, 3.4323315098302045e-06]","[[0.9952173695180073, -7.914690227686657e-06, 0.09768514394223797], [7.989717637452458e-06, 0.9999999999680113, -3.768796504549124e-07], [-0.09768514393613024, 1.155553891822985e-06, 0.9952173695494076]]","[1.9398642690748605e-05, -0.17110232656987584, -0.0001884872444202413]",[12.514320248135249],"[0.9990036660806478, 6.913194856042096e-07, 0.0446281879191582, -0.0]",[0.5],"[2.2158616273849816, -1.7622138545133623e-05, 0.21749696966403986]","[58.357040560636825, 55.90019671425021, 53.47088602931744, 55.89998586482211]"
24,0.12500000000000003,"[1.0054709797567003, 1.2184772536009695e-07, 0.0539958170796088]","[1.0, 0.0, 1.0]","[0.11879175859543976, 1.569058329858557e-06, 0.7130496619629766]","[0.0, 0.0, 0.0]","[0.9988385240655128, 4.393321916549511e-07, 0.04818301395386559, 2.9591363817123872e-06]","[[0.9952740835702014, -6.816460745494799e-06, 0.09710560502376919], [6.896634788277713e-06, 0.9999999999760985, -4.899935825326291e-07], [-0.09710560501810817, 1.1573798075541235e-06, 0.9952740835934232]]","[1.7185561510086704e-05, -0.221602302009131, -0.0001625065137128443]",[12.34338386607423],"[0.9990717977162135, 6.945570360116958e-07, 0.04307601429578913, -0.0]",[0.5],"[2.228958692074728, -1.526575410599962e-05, 0.21747213751460945]","[57.806517236841536, 55.521252152540974, 53.25968156739867, 55.521052851816755]"
25,0.13000000000000003,"[1.0060649385496776, 1.2969301700938973e-07, 0.05756106538942368]","[1.0, 0.0, 1.0]","[0.1246538196402637, 1.5329749309229105e-06, 0.7246188171345636]","[0.0, 0.0, 0.0]","[0.9988650644466298, 4.6431036717704345e-07, 0.047629644354195186, 2.551028051520828e-06]","[[0.9953567943151302, -5.869062133794541e-06, 0.09625410108801433], [5.9537355302781125e-06, 0.9999999999821011, -5.924836166313182e-07], [-0.09625410108281415, 1.1628040549170756e-06, 0.9953567943322572]]","[1.5106215238620283e-05, -0.26804764800240893, -0.00014008016921964763]",[12.180387076626898],"[0.9991389805038257, 6.946459122735882e-07, 0.04148852416383589, -0.0]",[0.5],"[2.242081418344917, -1.322029972412726e-05, 0.2168162539518516]","[57.27239118619689, 55.1570836142234, 53.06291861791984, 55.15689512077087]"
26,0.13500000000000004,"[1.006688207647879, 1.373578916640043e-07, 0.0611841594750965]","[1.0, 0.0, 1.0]","[0.13037478102810796, 1.4918159215804352e-06, 0.735420988195522]","[0.0, 0.0, 0.0]","[0.9988967577007228, 4.870625055321203e-07, 0.04696027523247863, 2.199114687212686e-06]","[[0.9954628339443702, -5.052035722857805e-06, 0.09515117555721535], [5.140495473492239e-06, 0.9999999999865532, -6.845576920040463e-07], [-0.09515117555247747, 1.1705759273300962e-06, 0.9954628339569545]]","[1.3151920455220537e-05, -0.31053096064107927, -0.00012073133743849057]",[12.024993604843445],"[0.9992047259652184, 6.918052347473592e-07, 0.039873745852306075, -0.0]",[0.5],"[2.2552245678654397, -1.1445404781992558e-05, 0.2155653244507785]","[56.75459072512864, 54.80729484942797, 52.87958435909036, 54.80711656130342]"
27,0.14000000000000004,"[1.0073400815530194, 1.448169712719065e-07, 0.06486126441607411]","[1.0, 0.0, 1.0]","[0.13594604217879241, 1.4462972982307078e-06, 0.7454934590682208]","[0.0, 0.0, 0.0]","[0.9989329132292605, 5.074391702726781e-07, 0.04618479039090022, 1.8956965976786377e-06]","[[0.9955894650905076, -4.347631883107164e-06, 0.09381693334305514], [4.439122240368001e-06, 0.9999999999898534, -7.665082531886629e-07], [-0.09381693333877071, 1.1795923771058383e-06, 0.9955894650997054]]","[1.1315447767628942e-05, -0.3491512025252376, -0.00010404375690468469]",[11.876877557513703],"[0.9992686091205053, 6.862568886156882e-07, 0.03823933610694271, -0.0]",[0.5],"[2.268382600899575, -9.905782317473595e-06, 0.21375547525083038]","[56.253058106790455, 54.47148450496955, 52.70867222312055, 54.47131593277569]"
28,0.14500000000000005,"[1.0080198117639134, 1.5204845776306004e-07, 0.06858873171141522]","[1.0, 0.0, 1.0]","[0.1413603777495797, 1.3970840886966486e-06, 0.7548717495909748]","[0.0, 0.0, 0.0]","[0.9989728463508314, 5.253390172545657e-07, 0.04531282655906339, 1.6341147057297443e-06]","[[0.99573393026591, -3.740475506405487e-06, 0.09227101442605336], [3.834219393266191e-06, 0.9999999999922977, -8.386906772771894e-07], [-0.09227101442220555, 1.1889000773113118e-06, 0.9957339302725823]]","[9.590727353952392e-06, -0.3840136129801144, -8.965531667094937e-05]",[11.735723519386204],"[0.9993302677833993, 6.782228253679322e-07, 0.03659256606880076, -0.0]",[0.5],"[2.2815497859888922, -8.57064405634657e-06, 0.21142285787180173]","[55.767745939298564, 54.149246979246186, 52.54919012317301, 54.149087722834864]"
29,0.15000000000000005,"[1.0087266136526614, 1.5903387820654327e-07, 0.07236309045937009]","[1.0, 0.0, 1.0]","[0.14661182185367444, 1.3447912051110371e-06, 0.7635896801687566]","[0.0, 0.0, 0.0]","[0.9990158878277083, 5.407034247835936e-07, 0.04435375818957249, 1.408615188632748e-06]","[[0.9958934954931159, -3.2172632461460585e-06, 0.09053256664953517], [3.3124816292403187e-06, 0.9999999999941075, -9.015061142551907e-07], [-0.0905325666461013, 1.1976915392085782e-06, 0.9958934954979046]]","[7.972602189465764e-06, -0.41522951830566596, -7.72517973541956e-05]",[11.60122660483897],"[0.9993894009631886, 6.679228860192261e-07, 0.03494030970087337, -0.0]",[0.5],"[2.294720300116287, -7.413161462706246e-06, 0.20860354993025973]","[55.29861316300884, 53.840173680263796, 52.40016759989016, 53.84002340888538]"
30,0.15500000000000005,"[1.0094596727619298, 1.6575783423209846e-07, 0.07618103886021388]","[1.0, 0.0, 1.0]","[0.15169556164578168, 1.2899849382867426e-06, 0.7716794374291406]","[0.0, 0.0, 0.0]","[0.999061392009334, 5.535112448558343e-07, 0.043316682636036365, 1.2142297748766945e-06]","[[0.9960654882649534, -2.766493448648829e-06, 0.08862021823402579], [2.8624223644693297e-06, 0.9999999999954469, -9.553878690057767e-07], [-0.08862021823097922, 1.2052973788408805e-06, 0.9960654882683371]]","[6.456623369012963e-06, -0.44291605125081096, -6.656103574548188e-05]",[11.473092468994503],"[0.999445766496279, 6.555730505601577e-07, 0.03328903471468763, -0.0]",[0.5],"[2.3078883191093413, -6.409978048883875e-06, 0.20533345338115455]","[54.84562085686915, 53.5438544740817, 52.260662048274796, 53.54371290967254]"
31,0.16000000000000006,"[1.0102181505701588, 1.7220775892353217e-07, 0.08003943604735958]","[1.0, 0.0, 1.0]","[0.15660783940621537, 1.233184880209208e-06, 0.7791716403529791]","[0.0, 0.0, 0.0]","[0.999108743645434, 5.637738035533503e-07, 0.04221040594248219, 1.046670634355594e-06]","[[0.9962473300078691, -2.378227636357187e-06, 0.08655205050451427], [2.4741327200727773e-06, 0.9999999999964386, -1.000790617945859e-06], [-0.08655205050182592, 1.2111762411680978e-06, 0.9962473300102052]]","[5.038881904465601e-06, -0.46719578952981844, -5.734761354484936e-05]",[11.35103728172789],"[0.999499178031193, 6.413840365211626e-07, 0.03164479601068835, -0.0]",[0.5],"[2.321048098148034, -5.540773426500769e-06, 0.20164819133089035]","[54.408728064549436, 53.25987919028935, 52.12976411621305, 53.25974609355147]"
32,0.16500000000000006,"[1.01100118976719, 1.783736833245782e-07, 0.08393529424912448]","[1.0, 0.0, 1.0]","[0.16134586232756742, 1.174866114826117e-06, 0.7860954064152703]","[0.0, 0.0, 0.0]","[0.9991573634306825, 5.71530226299836e-07, 0.041043429451090255, 9.022385486446229e-07]","[[0.9964365632581508, -2.0438813227877256e-06, 0.08434557130109445], [2.139069807218622e-06, 0.9999999999971734, -1.038181888408341e-06], [-0.08434557129873411, 1.214903457865241e-06, 0.9964365632597061]]","[3.7158717531383482e-06, -0.4881963236270701, -4.9408099476603006e-05]",[11.234787667602365],"[0.9995495014894871, 6.255601844444288e-07, 0.03001323161084919, -0.0]",[0.5],"[2.3341940423485217, -4.787876903391522e-06, 0.19758300456753805]","[53.98788777721703, 52.9878391019375, 52.00660232771281, 52.98771426086715]"
33,0.17000000000000007,"[1.0118079190788278, 1.8424801389870878e-07, 0.08786577128120084]","[1.0, 0.0, 1.0]","[0.16590771927739692, 1.1154615587408456e-06, 0.7924784173301632]","[0.0, 0.0, 0.0]","[0.999206712351408, 5.768431274703974e-07, 0.039823937411475455, 7.777429756811286e-07]","[[0.9966308737961589, -1.7560414578539682e-06, 0.08201768951404044], [1.8498716999431799e-06, 0.9999999999977188, -1.0680353396226717e-06], [-0.08201768951197781, 1.2161591965000704e-06, 0.9966308737971337]]","[2.4843793587933795e-06, -0.5060497643705627, -4.256683332674793e-05]",[11.124080614459547],"[0.9995966511213132, 6.082985800983029e-07, 0.028399561029804735, -0.0]",[0.5],"[2.347320767504641, -4.135927042796807e-06, 0.19317264893243843]","[53.58304317226749, 52.727328329891, 51.890346965174125, 52.727211550433644]"
34,0.17500000000000007,"[1.0126374576752148, 1.89825321692413e-07, 0.09182816336785166]","[1.0, 0.0, 1.0]","[0.1702923038765551, 1.055364365326218e-06, 0.7983469840462795]","[0.0, 0.0, 0.0]","[0.9992562949124372, 5.797946791651291e-07, 0.0385597857499611, 6.704326524531355e-07]","[[0.9968281080168842, -1.5083076743602415e-06, 0.07958469114851453], [1.600196332778725e-06, 0.9999999999981249, -1.09082547471292e-06], [-0.07958469114672, 1.2147166250558799e-06, 0.9968281080174285]]","[1.34139556121227e-06, -0.5208922008021907, -3.667221859817646e-05]",[11.018663353171833],"[0.9996405852686312, 5.897883729634544e-07, 0.026808586002264413, -0.0]",[0.5],"[2.3604231511772915, -3.57157299741591e-06, 0.18845129461685117]","[53.194124180140136, 52.4779451424203, 51.78021323803031, 52.477836240958894]"
35,0.18000000000000008,"[1.0134889191945977, 1.951021435190441e-07, 0.09581989828808306]","[1.0, 0.0, 1.0]","[0.1744992432954512, 9.949303302168717e-07, 0.8037261106855091]","[0.0, 0.0, 0.0]","[0.999305661328597, 5.804830574880422e-07, 0.037258492131918564, 5.779354630843177e-07]","[[0.9970262858449354, -1.2951545793421261e-06, 0.07706221728302447], [1.3845816137724252e-06, 0.9999999999984288, -1.1070234869482422e-06], [-0.07706221728146963, 1.2104304447017261e-06, 0.997026285845162]]","[2.8404628401404267e-07, -0.532863118747112, -3.159348010751392e-05]",[10.918293210913903],"[0.9996813019416722, 5.702102582971211e-07, 0.025244693459777538, -0.0]",[0.5],"[2.373496374425763, -3.0832132934031375e-06, 0.18345242840961162]","[52.82104443083661, 52.2392931342254, 51.67546376487783, 52.239191931640335]"
36,0.18500000000000008,"[1.014361415411075, 2.0007679517012844e-07, 0.09983852884151061]","[1.0, 0.0, 1.0]","[0.178528832229641, 9.344802547373907e-07, 0.8086395571609933]","[0.0, 0.0, 0.0]","[0.9993544087704753, 5.790192540190876e-07, 0.03592722742475945, 4.982064093120512e-07]","[[0.9972236095274436, -1.111812513425186e-06, 0.0744652442406574], [1.1983242071457069e-06, 0.9999999999986581, -1.1170940034981007e-06], [-0.07446524423931547, 1.2032260191144359e-06, 0.9972236095274376]]","[-6.90461085741841e-07, -0.5421047902024108, -2.721783930968859e-05]",[10.822737440212885],"[0.9997188343055264, 5.497360963008585e-07, 0.023711860629166446, -0.0]",[0.5],"[2.386535954571557, -2.6607678685918214e-06, 0.17820875984925302]","[52.4636986156089, 52.010982277691525, 51.57541039949615, 52.01088859476104]"
37,0.19000000000000009,"[1.0152540595722233, 2.047491964438154e-07, 0.10388172662731557]","[1.0, 0.0, 1.0]","[0.18238197157147895, 8.743022378649983e-07, 0.8131099002487984]","[0.0, 0.0, 0.0]","[0.9994021817576493, 5.755242335965393e-07, 0.03457280864400733, 4.294826387140508e-07]","[[0.9974184686586429, -9.54164430402496e-07, 0.07180806624424271], [1.0373746560923293e-06, 0.9999999999988332, -1.1214925385902801e-06], [-0.07180806624308883, 1.1930892384775877e-06, 0.9974184686584688]]","[-1.5848782617467765e-06, -0.5487616432462383, -2.3448060537553194e-05]",[10.731773025977756],"[0.9997532461640057, 5.285286468748866e-07, 0.02221366210811573, -0.0]",[0.5],"[2.399537769471971, -2.29547944115829e-06, 0.1727521321492352]","[52.1219602860454, 51.79262984473565, 51.47941543589843, 51.792543498674036]"
38,0.1950000000000001,"[1.0161659694300806, 2.091207076331404e-07, 0.10794727612855956]","[1.0, 0.0, 1.0]","[0.18606011134614175, 8.146538778258315e-07, 0.8171585929233418]","[0.0, 0.0, 0.0]","[0.9994486717947175, 5.701264158131707e-07, 0.03320169344044073, 3.7024460331540154e-07]","[[0.9976094418045611, -8.186567939194649e-07, 0.06910428077711564], [8.982467507119534e-07, 0.9999999999989689, -1.1206635072531923e-06], [-0.06910428077612693, 1.1800571915899292e-06, 0.9976094418042676]]","[-2.4019458184284265e-06, -0.5529796216340097, -2.020032389454655e-05]",[10.645186472676034],"[0.9997846275175655, 5.067414023827889e-07, 0.020753278760383877, -0.0]",[0.5],"[2.412498073855801, -1.97974062365239e-06, 0.16711343867036332]","[51.79568010160926, 51.583861201216955, 51.386892232460674, 51.58378200317275]"
39,0.2000000000000001,"[1.0170962699868114, 2.1319397702226957e-07, 0.11203306909317627]","[1.0, 0.0, 1.0]","[0.18956519752807022, 7.557643721823325e-07, 0.8208060217993537]","[0.0, 0.0, 0.0]","[0.9994936163460835, 5.629594558625086e-07, 0.03181997616293412, 3.191825320422343e-07]","[[0.9977952951050999, -7.02222629085228e-07, 0.06636677682118992], [7.779392790057325e-07, 0.9999999999990759, -1.1150386824446017e-06], [-0.06636677682034557, 1.1642096737136238e-06, 0.997795295104724]]","[-3.1444140511211987e-06, -0.5549055426197337, -1.740238414586411e-05]",[10.562773573808247],"[0.9998130902613662, 4.845185039749949e-07, 0.01933350826369646, -0.0]",[0.5],"[2.425413508335708, -1.706943557258333e-06, 0.16132254561278547]","[51.48468452704422, 51.38431047824462, 51.297305299518676, 51.38423823160477]"
40,0.2050000000000001,"[1.0180440959744517, 2.1697279888318124e-07, 0.11613709920217304]","[1.0, 0.0, 1.0]","[0.19289962239778383, 6.978365109177356e-07, 0.8240715625533552]","[0.0, 0.0, 0.0]","[0.9995367972446237, 5.541602999622202e-07, 0.030433385509620905, 2.7516750224937194e-07]","[[0.9979749782337768, -6.022150935182978e-07, 0.06360772609463373], [6.738685193832714e-07, 0.9999999999991623, -1.105036003670066e-06], [-0.06360772609391498, 1.1456615259149014e-06, 0.9979749782333467]]","[-3.815056562825699e-06, -0.5546864608403917, -1.4991978964111059e-05]",[10.484339165820076],"[0.9998387640788023, 4.6199472949200504e-07, 0.01795677713732203, -0.0]",[0.5],"[2.438281101760211, -1.4713491958677707e-06, 0.15540822149365993]","[51.18877497270303, 51.19362112626785, 51.21016989817011, 51.19355562563262]"
41,0.2100000000000001,"[1.0190085940864406, 2.204619814377699e-07, 0.12025745701493981]","[1.0, 0.0, 1.0]","[0.19606617813913232, 6.410485610535734e-07, 0.8269736332255326]","[0.0, 0.0, 0.0]","[0.9995780386272185, 5.43867491025059e-07, 0.02904728375959669, 2.3722648724200324e-07]","[[0.9981476180926943, -5.163501397225253e-07, 0.06083857736349981], [5.838100358940348e-07, 0.9999999999992344, -1.0910586654173659e-06], [-0.06083857736288987, 1.1245557801200645e-06, 0.9981476180922315]]","[-4.4166779502120296e-06, -0.5524690453498177, -1.2915453918359435e-05]",[10.4096968685802],"[0.9998617925752764, 4.3929554292332526e-07, 0.01662515407333476, -0.0]",[0.5],"[2.4510982676025725, -1.267973704499382e-06, 0.14939807386809906]","[50.90772736356337, 51.01144635884448, 51.125051200254454, 51.011387389556404]"
42,0.2150000000000001,"[1.0199889249771363, 2.2366722424303777e-07, 0.12439232518106748]","[1.0, 0.0, 1.0]","[0.19906801341342856, 5.855560441377834e-07, 0.8295297453286399]","[0.0, 0.0, 0.0]","[0.9996172044867316, 5.322197012675106e-07, 0.027666667558751395, 2.045208382873494e-07]","[[0.9983125106122664, -4.4265702697672357e-07, 0.0580700538559899], [5.058485203344228e-07, 0.999999999999296, -1.0734944297234483e-06], [-0.05807005385547383, 1.1010575700842916e-06, 0.9983125106117875]]","[-4.9521167549755736e-06, -0.5483989761059369, -1.1126575440500619e-05]",[10.338668814534216],"[0.9998823296868719, 4.1653719694261293e-07, 0.015340364395290773, -0.0]",[0.5],"[2.4638627951042618, -1.0924897446096492e-06, 0.14331849364256208]","[50.64129211645258, 50.837449493634566, 51.04156306053617, 50.83739683175957]"
43,0.2200000000000001,"[1.0209842650442036, 2.2659500446372668e-07, 0.1285399739077107]","[1.0, 0.0, 1.0]","[0.20190859267965583, 5.314934098150506e-07, 0.8317565527142836]","[0.0, 0.0, 0.0]","[0.9996541959255907, 5.193544697886571e-07, 0.026296170216591707, 1.763277315501031e-07]","[[0.9984691110123034, -3.794356061697939e-07, 0.05531215376530335], [4.3833458834253875e-07, 0.9999999999993499, -1.0527151198241188e-06], [-0.05531215376486795, 1.0753487599910517e-06, 0.9984691110118206]]","[-5.424244662253837e-06, -0.5426203654188118, -9.58550655306344e-06]",[10.271085368616209],"[0.9999005363890475, 3.9382688126246866e-07, 0.01410380547015722, -0.0]",[0.5],"[2.476572835897519, -9.411406971415478e-07, 0.1371946072235068]","[50.38919449970753, 50.67130419855659, 50.9593664521117, 50.67125761122952]"
44,0.22500000000000012,"[1.0219938080076019, 2.2925247151280193e-07, 0.13269875667128211]","[1.0, 0.0, 1.0]","[0.2045916580591914, 4.789756098740768e-07, 0.8336698981687036]","[0.0, 0.0, 0.0]","[0.9996889481907679, 5.054071246807145e-07, 0.024940065456165252, 1.5202417342770196e-07]","[[0.9986170228638179, -3.2521944632358294e-07, 0.05257415378776205], [3.79847580484824e-07, 0.9999999999993984, -1.0290762617083889e-06], [-0.052574153787395744, 1.047623237879377e-06, 0.9986170228633406]]","[-5.835962780929546e-06, -0.5352752090727166, -8.257923354072134e-06]",[10.206784840957853],"[0.999916577721673, 3.712629105230025e-07, 0.0129165629034879, -0.0]",[0.5],"[2.489226886825818, -8.106661226199293e-07, 0.13105023664157925]","[50.15113534516304, 50.51269465124765, 50.878167615096096, 50.51265389730573]"
45,0.23000000000000012,"[1.0230167662978977, 2.3164734956217233e-07, 0.13686710616212563]","[1.0, 0.0, 1.0]","[0.20712119356939257, 4.2809957783995125e-07, 0.8352848577300065]","[0.0, 0.0, 0.0]","[0.9997214275638915, 4.905098708115388e-07, 0.023602272546455128, 1.3107321276164477e-07]","[[0.9987559862700384, -2.787439985239219e-07, 0.04986461560751916], [3.291635456101191e-07, 0.9999999999994431, -1.002916848087955e-06], [-0.049864615607211824, 1.0180828194327801e-06, 0.9987559862695737]]","[-6.190195701628906e-06, -0.5265028710567635, -7.1142531194857815e-06]",[10.145613194377965],"[0.999930620138766, 3.489349462034632e-07, 0.011779427353708783, -0.0]",[0.5],"[2.5018237696637606, -6.982369775451011e-07, 0.12490786769443009]","[49.926792078943436, 50.361315620024975, 50.79771596689737, 50.36128045086388]"
46,0.23500000000000013,"[1.0240523722657446, 2.3378784745137208e-07, 0.14104353045077567]","[1.0, 0.0, 1.0]","[0.20950139157313338, 3.7894561948630817e-07, 0.8366157827367728]","[0.0, 0.0, 0.0]","[0.9997516281736015, 4.747910260112034e-07, 0.022286362735867815, 1.1301205622847759e-07]","[[0.9988858654612514, -2.389191034396735e-07, 0.04719139520791692], [2.852276940701552e-07, 0.9999999999994844, -9.745592051815036e-07], [-0.04719139520765975, 9.869337079460628e-07, 0.9988858654608045]]","[-6.489883922859005e-06, -0.5164396050868285, -6.129017415610449e-06]",[10.087423748563037],"[0.9999428291842218, 3.2692424766981774e-07, 0.010692911808643197, -0.0]",[0.5],"[2.514362608410439, -6.01399299855209e-07, 0.1187886260606105]","[49.715820035015696, 50.216872474486905, 50.717801820006144, 50.216842635082784]"
47,0.24000000000000013,"[1.0250998792236103, 2.3568257554880363e-07, 0.14522660936445952]","[1.0, 0.0, 1.0]","[0.2117366213111573, 3.3157871968752433e-07, 0.837676339634067]","[0.0, 0.0, 0.0]","[0.9997795687902754, 4.5837438991535995e-07, 0.020995566896643236, 9.74418247060505e-08]","[[0.9990066360719851, -2.048052443764931e-07, 0.044561654862609976], [2.471307044941752e-07, 0.9999999999995237, -9.443089472365624e-07], [-0.04456165486239534, 9.54383457951099e-07, 0.9990066360715598]]","[-6.737975135411031e-06, -0.5052181153857164, -5.2802658358717035e-06]",[10.032076882761503],"[0.9999533674886911, 3.0530394797929337e-07, 0.009657269175780305, -0.0]",[0.5],"[2.5268428047940463, -5.180252457297368e-07, 0.11271226125387623]","[49.51785401380276, 50.079081133732586, 50.63825395038225, 50.07905636378191]"
48,0.24500000000000013,"[1.0261585623301661, 2.3734046914724126e-07, 0.14941499106262987]","[1.0, 0.0, 1.0]","[0.2138313994011373, 2.8604977089982566e-07, 0.8384795475771516]","[0.0, 0.0, 0.0]","[0.9998052896560583, 4.413787311660381e-07, 0.01973278428309889, 8.401872434374778e-08]","[[0.9991183723413583, -1.755930306391536e-07, 0.041981877636956044], [2.1408835130785747e-07, 0.9999999999995608, -9.124550070898745e-07], [-0.04198187763677738, 9.206383924864621e-07, 0.999118372340957]]","[-6.937414774392889e-06, -0.4929671585156535, -4.549087917529776e-06]",[9.979439738712326],"[0.9999623930775616, 2.841393504821592e-07, 0.008672510047004764, -0.0]",[0.5],"[2.539264012582044, -4.462705079852949e-07, 0.10669713821229126]","[49.33251004730612, 49.94766795994067, 50.55893705635225, 49.94764799507674]"
49,0.2500000000000001,"[1.0272277193271717, 2.387707180017404e-07, 0.15360738880051564]","[1.0, 0.0, 1.0]","[0.21579036220183567, 2.4239672831274705e-07, 0.8390378138856881]","[0.0, 0.0, 0.0]","[0.99982884939589, 4.239173800150441e-07, 0.018500592301483, 7.244643714408435e-08]","[[0.9992212344488592, -1.5058546747957192e-07, 0.039457884211842584], [1.8542399263656123e-07, 0.9999999999995963, -8.79269733596536e-07], [-0.039457884211694244, 8.859014270494012e-07, 0.9992212344484838]]","[-7.091136177814403e-06, -0.4798111874325129, -3.919192483275127e-06]",[9.929385925413724],"[0.999970057975721, 2.634882426138272e-07, 0.007738420508320857, -0.0]",[0.5],"[2.551626111242066, -3.8453727517750644e-07, 0.10076023625022007]","[49.15938733209568, 49.822369604738455, 50.47974914456703, 49.82235417778983]"
