,t,p,p_d,v,v_d,q,R,w,T_sp,q_sp,hover_throttle,fa,pwm
0,0.005,"[0.0, 0.0, 0.0]","[1.0, 0.0, 0.0]","[0.0, 0.0, 0.7013464072420511]","[-0.0, 1.0, 0.0]","[1.0, 0.0, 0.0, 0.0]","[[1.0, 0.0, 0.0], [0.0, 1.0, 0.0], [0.0, 0.0, 1.0]]","[-5.4300457660146515, 9.577882378826372, 0.08295673225623441]",[9.81],"[0.8456060929096926, -0.2592397883007325, 0.4666316189413185, 0.0]",[0.5],"[8, 0, 0]","[0.0, 233.02458595638896, 309.48154030291323, 0.0]"
1,0.01,"[0.0, 0.0, 0.0035067320362102555]","[0.9999987662997035, 0.0031415874858795635, 0.0]","[0.0, 0.0, 1.1789918127061974]","[-0.0007853978404154395, 0.9999950652018582, 0.0]","[0.9996213772985095, -0.013569974568543764, 0.023935639937813856, 0.00020731330738540184]","[[1.0, 0.0, 0.0], [0.0, 1.0, 0.0], [0.0, 0.0, 1.0]]","[-9.710247696077637, 15.831588558046313, 0.12242681723937351]",[2.796535927579489],"[0.7531675062896317, -0.32034159191396794, 0.5745606773522554, 0.0]",[0.5],"[8, 0, 0]","[0.0, 206.8864889272131, 250.07411259904416, 0.0]"
2,0.015,"[0.0, 0.0, 0.009401691099741243]","[0.9999950652018582, 0.006283143965558951, 0.0]","[0.01645502464207107, 0.009333454936846172, 1.4733265264380229]","[-0.0015707937429397818, 0.9999802608561371, 0.0]","[0.9972701205720983, -0.03779656108460332, 0.0634304086817508, 0.0005566316162432062]","[[0.99885408432392, -0.0010640816781977182, 0.04784752824969951], [-0.00023514242275409966, 0.9996316256228035, 0.02713959768958672], [-0.04785878119493528, -0.027119748982867144, 0.998485881861953]]","[-12.672320874148442, 19.747623923513245, 0.14150606098729607]",[0.0],"[0.6718211069713682, -0.36168133398912966, 0.6464077759987182, 0.0]",[0.5],"[8, 0, 0]","[0.0, 172.10674530856727, 197.88975126233626, 0.0]"
3,0.02,"[8.227512321035535e-05, 4.666727468423086e-05, 0.016768323731931357]","[0.999988896715596, 0.009424638433144006, 0.0]","[0.041165694151590805, 0.024076607830780073, 1.6175299135540666]","[-0.0023561857696867113, 0.9999555871089498, 0.0]","[0.9912369892862176, -0.06927682744502049, 0.11246709426559477, 0.00105116953991057]","[[0.9919525468314196, -0.005905126790812504, 0.12647242510620432], [-0.003684678474632087, 0.9971422202628433, 0.07545737680191306], [-0.12655658014974414, -0.07531614731829911, 0.9890960064492877]]","[-14.141915290267725, 22.185706534820156, 0.16087582489104862]",[0.0],"[0.6170378525820073, -0.3852568768629051, 0.6861788595627422, 0.0]",[0.5],"[8, 0, 0]","[0.0, 121.22682937861916, 156.14360733974706, 0.0]"
4,0.025,"[0.0002881035939683094, 0.00016705031383813123, 0.02485597329970169]","[0.9999802608561371, 0.012566039883352607, 0.0]","[0.05983308719336704, 0.035602565189203655, 1.6493352120725717]","[-0.0031415719827794755, 0.9999210442038161, 0.0]","[0.9804308113930215, -0.10410990266216043, 0.16707499797475905, 0.0015802818201883651]","[[0.9747000955001045, -0.01766664322530159, 0.2228174444455311], [-0.01349881070542026, 0.9903992324435025, 0.13757595169527434], [-0.2231087312088585, -0.13710306376033735, 0.9651037477732134]]","[-14.073903757716618, 23.64165963577109, 0.18560240213214838]",[0.0],"[0.5880237400284698, -0.3968020830298392, 0.7048235155456372, 0.0]",[0.5],"[8, 0, 0]","[0.0, 27.5329535597657, 120.6628816559151, 37.923328667659035]"
5,0.030000000000000002,"[0.0005872690299351445, 0.0003450631397841495, 0.033102649360064546]","[0.9999691576447897, 0.015707317311820675, 0.0]","[0.07388443031503115, 0.04438989135377487, 1.6398910734241043]","[-0.003926950444355667, 0.9998766324816606, 0.0]","[0.9646128389992854, -0.13829521762354138, 0.22448478633751057, 0.0017562241310249457]","[[0.9441668955222062, -0.037887037527259484, 0.3272819056828038], [-0.031689609578471806, 0.9783172617540886, 0.20467316384603595], [-0.32793999762871817, -0.20361706151840586, 0.9224941464388196]]","[-13.982191684708603, 23.98718026753088, 0.1991073013972544]",[1.2921242727852162],"[0.5794576844069972, -0.4006068111303722, 0.7097485293099488, 0.0]",[0.5],"[8, 0, 0]","[45.90405235398851, 0.0, 74.58142087755915, 30.284001223090446]"
6,0.035,"[0.0009566911815103002, 0.0005670125965530239, 0.04130210472718507]","[0.9999555871089498, 0.018848439715408175, 0.0]","[0.11617561506732135, 0.0705499721636006, 1.6750099033577392]","[-0.004712319216572003, 0.999822352380809, 0.0]","[0.9440442908024547, -0.171594398544753, 0.2816603458160676, 0.001785773257739041]","[[0.8992069927596079, -0.06547849744933448, 0.4325960593255565], [-0.058702192069546376, 0.9617426969185181, 0.26759117618136435], [-0.4335675689191398, -0.26601419378610874, 0.8609620269709193]]","[-13.509448096316953, 22.504696394154863, 0.2193021070969418]",[4.0923531764293415],"[0.578649943216328, -0.4017244906095798, 0.7097757933743684, 0.0]",[0.5],"[8, 0, 0]","[121.7572943759847, 0.0, 0.0, 68.75635158962771]"
7,0.04,"[0.001537569256846907, 0.0009197624573710269, 0.049677154243973766]","[0.9999395492821014, 0.02198937609250511, 0.0]","[0.17670971410443653, 0.10758602031049413, 1.7151274779717545]","[-0.0054976763616091115, 0.999758204436984, 0.0]","[0.9204215505273221, -0.20298764332963853, 0.33408910857103696, 0.002157200632664701]","[[0.8413285212172902, -0.10003437336570299, 0.5311868254500092], [-0.09329097717115802, 0.9411043468038728, 0.3249913875863579], [-0.5324125402024054, -0.32297946153306245, 0.7824456239656753]]","[-12.811172254906312, 20.92377041289861, 0.2369551098938539]",[6.245698374429101],"[0.5672944710821392, -0.4060534265663905, 0.7164479030978658, 0.0]",[0.5],"[8, 0, 0]","[125.73487906131118, 0.0, 0.0, 83.56290094357911]"
8,0.045,"[0.0024211178273690894, 0.0014576925589234976, 0.05825279163383254]","[0.9999210442038161, 0.02513009544333748, 0.0]","[0.2494760330036816, 0.1520316024057464, 1.7483501289298324]","[-0.006283019941676304, 0.9996841892832999, 0.0]","[0.8947613373572658, -0.2319458438837543, 0.381569850098524, 0.002779239370733245]","[[0.7767596280392807, -0.1396029895241006, 0.6141298605052617], [-0.13166085371963754, 0.9175827262818198, 0.3751097972954575], [-0.6158814007957171, -0.3722270083499542, 0.6943609683793788]]","[-12.164387209674716, 19.333950691476296, 0.2584784521469469]",[7.915326433552377],"[0.5527973659890267, -0.41114769159311765, 0.7248259431430725, 0.0]",[0.5],"[8, 0, 0]","[128.70065810454463, 0.0, 25.800429886336463, 80.42294729936201]"
9,0.049999999999999996,"[0.0036684979923874974, 0.0022178505709522294, 0.0669945422784817]","[0.9999000719197535, 0.028270566770273252, 0.0]","[0.3413947694816821, 0.20829823013409574, 1.7803851424763255]","[-0.007068348019016367, 0.9996003076502565, 0.0]","[0.8678486179540872, -0.25862276116476474, 0.4241922028446919, 0.003744164587959839]","[[0.7087934506486202, -0.18198059363578614, 0.6815386326963346], [-0.17203356989101318, 0.8923868026671467, 0.4171932948359326], [-0.6841171647811333, -0.41295139903561817, 0.601211150001686]]","[-11.607010038176423, 18.094947517333097, 0.29013114289976627]",[9.186308927646296],"[0.5374106101690095, -0.41619470991303387, 0.7334656089539431, 0.0]",[0.5],"[8, 0, 0]","[129.98105406716883, 0.0, 67.11961468140493, 74.65769695739978]"
10,0.05499999999999999,"[0.005375471839795908, 0.0032593417216227084, 0.07589646799086333]","[0.9998766324816606, 0.03141075907812829, 0.0]","[0.45293475654018867, 0.27696409399293587, 1.8082462423627441]","[-0.007853658655910338, 0.9995065603657316, 0.0]","[0.8399395687243457, -0.2832584115848807, 0.46286221715538367, 0.0049760514037587725]","[[0.6400939125546121, -0.22591025365462353, 0.7343325816033444], [-0.2129127814024092, 0.8662004972781028, 0.45206730254538163], [-0.7382058863393184, -0.44571432084786256, 0.5063504849065618]]","[-11.204626425222715, 17.080744169340466, 0.3347930028706082]",[9.947344581540003],"[0.5186738358101388, -0.4216899907125341, 0.7437439100785028, 0.0]",[0.5],"[8, 0, 0]","[135.0866381158485, 0.0, 90.03536148378542, 63.43371445483131]"
11,0.05999999999999999,"[0.007640145622496852, 0.004644162191587388, 0.08493769920267705]","[0.9998507259473718, 0.034550641374472266, 0.0]","[0.5858629182335346, 0.3593986918475419, 1.8297232666945658]","[-0.008638949914682283, 0.9994029483549729, 0.0]","[0.8111784035516151, -0.30621235057077, 0.4981774959451763, 0.006540374849420737]","[[0.5714676136848593, -0.2705783977682269, 0.7747335652793882], [-0.25386006788813364, 0.8394798223576752, 0.48044634849914186], [-0.7803715989457619, -0.4712334437574501, 0.41104648039282565]]","[-10.998469843870703, 16.29743540558144, 0.39517841773178225]",[10.235368360462552],"[0.4959712089249687, -0.4274233404000479, 0.7558583518085713, 0.0]",[0.5],"[8, 0, 0]","[141.57570568727058, 0.0, 110.5015511350786, 45.404469091931084]"
12,0.06499999999999999,"[0.010569460213664525, 0.006441155650825097, 0.09408631553614988]","[0.999822352380809, 0.037690182669934534, 0.0]","[0.7505149745468934, 0.4624428113141358, 1.8453916398324202]","[-0.009424219857704086, 0.9992894726405892, 0.0]","[0.7815108272941134, -0.32789492846586876, 0.530709510902206, 0.00855323017195569]","[[0.503552812061246, -0.3157070257276299, 0.8042161645797885], [-0.29448538241170086, 0.812382439709506, 0.5033022264976239], [-0.8122271388048088, -0.49026915623751494, 0.3161063577834355]]","[-10.998469843870703, 15.78853564033325, 0.4770728454069043]",[10.061167845656364],"[0.4678189596187518, -0.4331499542831693, 0.7704067355142457, 0.0]",[0.5],"[8, 0, 0]","[151.71719001161816, 0.0, 133.89961946375936, 0.0]"
13,0.06999999999999999,"[0.014322035086398992, 0.008753369707395776, 0.10331327373531198]","[0.9997915118519811, 0.04082935197850999, 0.0]","[0.9884311558656262, 0.6130598930272992, 1.860351257926579]","[-0.010209466547400226, 0.9991661343425401, 0.0]","[0.7506683901411323, -0.34868467899857847, 0.561063501769266, 0.011122484299299025]","[[0.4365485145831336, -0.3614027982023143, 0.8239013362453037], [-0.3346650302514261, 0.7848235162799767, 0.5215854348241957], [-0.8351195794268459, -0.5034283124194254, 0.221664661848608]]","[-10.998469843870703, 15.724437786258418, 0.5925799678509427]",[9.32803313942656],"[0.42916366721051674, -0.4384837208418319, 0.7896521850176337, 0.0]",[0.5],"[8, 0, 0]","[170.8720863142478, 0.0, 168.98606848091185, 0.0]"
14,0.075,"[0.019264190865727122, 0.011818669172532272, 0.11261503002494487]","[0.999758204436984, 0.0439681183178649, 0.0]","[1.4356531982714926, 0.900266452035835, 1.879491201583972]","[-0.010994688046252553, 0.9990329346781247, 0.0]","[0.7181816730570887, -0.368507036084113, 0.5901045404981727, 0.013938440546323946]","[[0.37016807465084156, -0.4079670887911194, 0.8345887915450269], [-0.37456989925782014, 0.7565905699493405, 0.5359739732801575], [-0.8501017510152981, -0.511012293322804, 0.12725348322813446]]","[-10.998469843870703, 16.802593039723217, 0.8069236287946511]",[7.566936165945197],"[0.3601844252947341, -0.44061652469620927, 0.8222677531921928, 0.0]",[0.5],"[8, 0, 0]","[219.5339130262181, 0.0, 242.85117150891222, 0.0]"
15,0.08,"[0.026442456857084587, 0.016320001432711447, 0.12201248603286473]","[0.9997224302180006, 0.04710645070964266, 0.0]","[3.4821518632790847, 2.2341436524543736, 1.9085497989998872]","[-0.011779882416805075, 0.99888987496197, 0.0]","[0.6823719715043157, -0.38716095079088514, 0.6198510039009202, 0.01611284118437099]","[[0.30316470231715387, -0.45493601550024965, 0.8373317055204038], [-0.4148946852947869, 0.7280165684632778, 0.5457602735240938], [-0.8578773591738457, -0.5128597253086955, 0.031958391279885034]]","[-10.998469843870703, 22.465010854460136, 1.7845522801476714]",[3.1962261108582366],"[0.1697341860785135, -0.36766065294360056, 0.9143390784349916, 0.0]",[0.5],"[8, 0, 0]","[464.8602733774639, 0.0, 522.2252884646048, 0.0]"
16,0.085,"[0.04385321617348001, 0.027490719694983318, 0.13155523502786418]","[0.9996841892832999, 0.050244318179769556, 0.0]","[4.895923607158502, 3.1642919761297588, 1.7437844069869533]","[-0.01256504772166874, 0.9987369566060175, 0.0]","[0.6355944687358122, -0.4032714301043818, 0.6581668826000865, 0.014428431047460456]","[[0.23105021862397754, -0.5019541104489602, 0.8334613773158333], [-0.4579743056268995, 0.6996935490633303, 0.5483506841289802], [-0.8584144289673676, -0.5084004409936664, -0.06821773770856138]]","[-20.980721407114366, 22.465010854460136, 1.1060460974460917]",[0.0],"[0.5257448701545532, 0.486845376797239, -0.697548500534068, 0.0]",[0.5],"[8, 0, 0]","[0.0, 468.5486137975581, 0.0, 345.9989708932335]"
17,0.09000000000000001,"[0.06833283420927252, 0.04331217957563211, 0.14027415706279894]","[0.999643481727238, 0.05338168975876048, 0.0]","[5.86104481797494, 3.7861993042334277, 1.4705701342842668]","[-0.013350182023526206, 0.9985741811195098, 0.0]","[0.5757382626555071, -0.434317753789078, 0.692178336788123, 0.02797662844690108]","[[0.13321635005198523, -0.5491810619195632, 0.8250173121260715], [-0.5124985380543554, 0.6743279480781508, 0.5316268117136863], [-0.8482916082167589, -0.49364154978041686, -0.1916229833798987]]","[-20.83260372007509, 22.465010854460136, 0.6381183598671947]",[0.0],"[0.621100016539321, 0.44006103393129625, -0.6485222092343281, 0.0]",[0.5],"[8, 0, 0]","[0.0, 340.9418512877641, 0.0, 343.10715939764447]"
18,0.09500000000000001,"[0.09763805829914722, 0.062243176096799246, 0.14762700773422027]","[0.9996003076502565, 0.05651853448202453, 0.0]","[6.217888614799584, 4.035033299985088, 1.2665933070685524]","[-0.014135283385136626, 0.998401550108975, 0.0]","[0.5126968490781624, -0.46341212731520043, 0.7216344218600609, 0.04043392621574122]","[[0.04021291668394367, -0.6334651118245099, 0.7727256132890455], [-0.5690362499966001, 0.6211707940087078, 0.5388363303085627], [-0.8213285989916442, -0.4613770657193016, -0.3354855223503248]]","[-20.402352537303795, 23.89523799641547, 0.510607906972969]",[0.0],"[0.6613239206928766, 0.41732782271752517, -0.6232881839929679, 0.0]",[0.5],"[8, 0, 0]","[0.0, 192.0351348568189, 119.5921043361699, 202.92857080063808]"
19,0.10000000000000002,"[0.12872750137314515, 0.08241834259672469, 0.15395997426956304]","[0.9995546671588833, 0.059654821390170705, 0.0]","[6.3916356799458365, 4.166994224862223, 1.1010462978888877]","[-0.014920349869340445, 0.9982190652782118, 0.0]","[0.44452974509978743, -0.489548556020148, 0.7484849189884618, 0.05005839656782338]","[[-0.04478228240504872, -0.7102889782894303, 0.7024842450213045], [-0.6273675920227525, 0.5672285957359611, 0.5335369009346806], [-0.7774345320746745, -0.41682284906176553, -0.47101407711220783]]","[-20.402352537303795, 28.841884597464382, 0.6095408389939475]",[0.0],"[0.6785445016827049, 0.4092115590088847, -0.6100190646280556, 0.0]",[0.5],"[8, 0, 0]","[0.0, 0.0, 222.4105798079064, 0.0]"
20,0.10500000000000002,"[0.16068567977287435, 0.1032533137210358, 0.15946520575900747]","[0.9995065603657316, 0.06279051952931337, 0.0]","[6.556520432781213, 4.30345595069189, 0.8915679545492587]","[-0.015705379539064146, 0.9980267284282716, 0.0]","[0.36409655434382904, -0.5126946591304927, 0.7757097797177416, 0.05340620997853886]","[[-0.12547103404021165, -0.7773443151201154, 0.6164355889850285], [-0.6883345300545209, 0.5156727364632929, 0.5101736994427302], [-0.714459652010876, -0.36030187984369183, -0.5997749253091529]]","[-20.402352537303795, 32.143225276926294, 0.7165332033425817]",[0.0],"[0.6899516813436067, 0.40422954533128264, -0.6004707753857758, 0.0]",[0.5],"[8, 0, 0]","[101.19974155030698, 0.0, 207.9778701796613, 0.0]"
21,0.11000000000000003,"[0.19346828193678042, 0.12477059347449525, 0.16392304553175377]","[0.9994559873895001, 0.06592559795137787, 0.0]","[6.710332981445343, 4.441013476540217, 0.6226523327765152]","[-0.016490370457325067, 0.9978245414574415, 0.0]","[0.2742759350736517, -0.5317637421603024, 0.7995475795855925, 0.05218909792251511]","[[-0.20915577122803797, -0.8342945562606525, 0.5101043586912838], [-0.7565144881256565, 0.46858392646959224, 0.4561961563958165], [-0.6196286731728778, -0.2904852788837691, -0.7291629517013589]]","[-20.402352537303795, 31.239025304122894, 0.8371458160704941]",[0.0],"[0.7029403831034873, 0.39893601963207526, -0.5888334824400182, 0.0]",[0.5],"[8, 0, 0]","[186.20997031844206, 0.0, 160.10044758825964, 0.0]"
22,0.11500000000000003,"[0.22701994684400714, 0.14697566085719632, 0.16703630719563634]","[0.9994029483549729, 0.06906002571440581, 0.0]","[6.78910361863726, 4.518152839159546, 0.40003906944287315]","[-0.01727532068723614, 0.9976125063612252, 0.0]","[0.1838026277168184, -0.5457854837146457, 0.815875332502798, 0.05179036227148586]","[[-0.28400006792629073, -0.8789692531779906, 0.38308878003093266], [-0.8217123986445977, 0.42900724116341105, 0.3751553290879674], [-0.4940978600759211, -0.2082446613891576, -0.8440980189950164]]","[-20.402352537303795, 30.09006225143952, 0.91939373487987]",[0.0],"[0.7180978435944996, 0.3925905105905426, -0.5746374317943328, 0.0]",[0.5],"[8, 0, 0]","[162.19369582619652, 0.0, 121.72577557332305, 0.0]"
23,0.12000000000000004,"[0.2609654649371934, 0.16956642505299405, 0.16903650254285071]","[0.9993474433930183, 0.07219377188286062, 0.0]","[6.829149131118067, 4.5650685362868675, 0.1984545862985828]","[-0.01806022829201071, 0.9973906252323237, 0.0]","[0.0940829390810462, -0.5548925897722271, 0.8249125533412064, 0.052553722321394505]","[[-0.3366695996215257, -0.9096242353535842, 0.2433872041584951], [-0.8715474166499639, 0.3988719282843169, 0.2851425702302712], [-0.3564529158548937, -0.1161246540755156, -0.9270687048403619]]","[-20.402352537303795, 28.760553426005533, 0.9852074042866297]",[0.0],"[0.7297395923517799, 0.38710099203186693, -0.5635893445783043, 0.0]",[0.5],"[8, 0, 0]","[151.9900045360213, 0.0, 99.02460918640327, 0.0]"
24,0.12500000000000003,"[0.2951112105927838, 0.1923917677344284, 0.17002877547434364]","[0.9992894726405892, 0.07532680552793275, 0.0]","[6.845960041581557, 4.59822577839402, -0.020058190888924465]","[-0.018845091334967277, 0.9971589002606139, 0.0]","[0.006313853428084425, -0.559267650610177, 0.8271530573857221, 0.054750798106638854]","[[-0.366485228779486, -0.9253645434295369, 0.0968970528442038], [-0.9055869088069529, 0.3786646401720732, 0.19111630197558138], [-0.21354373716856018, -0.01770740090467622, -0.9767730136880757]]","[-20.164133825048893, 27.298987961070655, 1.0450756496988978]",[0.0],"[0.7398272291017536, 0.38199072587434074, -0.5538400097732339, 0.0]",[0.5],"[8, 0, 0]","[153.18610328295418, 0.0, 94.07617971445866, 48.80765434385304]"
25,0.13000000000000003,"[0.32934101080069156, 0.2153828966263985, 0.16992848451989903]","[0.9992290362407229, 0.07845909572784497, 0.0]","[6.8355811115528216, 4.618175634964361, -0.2721940238009228]","[-0.019629907879534312, 0.996917333733128, 0.0]","[-0.07819195617194938, -0.5591505117494642, 0.8233241409008583, 0.05808685057894117]","[[-0.3743596604717232, -0.9258912712269073, -0.05079565411841337], [-0.9245085171696436, 0.368444090175318, 0.09763684804247304], [-0.07168574678611479, 0.08351231215038589, -0.9939249707231493]]","[-19.780225735753785, 25.7914116176036, 1.1114501766013454]",[0.0],"[0.7504598760509663, 0.37643644355189065, -0.5432362086639406, 0.0]",[0.5],"[8, 0, 0]","[161.40338871728437, 0.0, 104.76302045451088, 61.96031708239628]"
26,0.13500000000000004,"[0.3635189163584557, 0.2384737748012203, 0.16856751440089443]","[0.9991661343425401, 0.08159061156815756, 0.0]","[6.789960935282042, 4.620108288255148, -0.5522787386333894]","[-0.020414675989255, 0.9966659280340299, 0.0]","[-0.15856715016050255, -0.5549104076421291, 0.8142767017665598, 0.062324564503861424]","[[-0.3624734464006328, -0.9116403804915354, -0.1937132347355148], [-0.929808078390076, 0.3679532460002644, 0.008206468084612173], [0.06379606582699635, 0.18309075731756086, -0.9810238715596478]]","[-19.373406296449954, 24.310819192681677, 1.189378864061909]",[0.0],"[0.7624890682193824, 0.3700369743476056, -0.530738220275879, 0.0]",[0.5],"[8, 0, 0]","[170.05655290599555, 0.0, 118.799439969431, 63.782398771434536]"
27,0.14000000000000004,"[0.3974687210348659, 0.26157431624249605, 0.1658061207077275]","[0.999100767101245, 0.08472132214207347, 0.0]","[6.6940309764818915, 4.598284869193955, -0.8773199376780031]","[-0.021199393727792056, 0.9964046856445924, 0.0]","[-0.2344102191513077, -0.5469455320071887, 0.8008525319413873, 0.06736212777130948]","[[-0.3338617967608457, -0.8839359758647966, -0.3274041710723455], [-0.9234664901782835, 0.37638017629970044, -0.07448224222194735], [0.18906597309252188, 0.27748000551491325, -0.9419442150987614]]","[-18.73277350097148, 22.89428755427242, 1.280954207916706]",[7.558583696565747],"[0.7756851319083071, 0.36286111876996513, -0.5163762045460668, 0.0]",[0.5],"[8, 0, 0]","[182.15284278083016, 0.0, 137.8925006990781, 80.03953994610873]"
28,0.14500000000000005,"[0.43093887591727537, 0.28456574058846584, 0.1614195210193375]","[0.9990329346781247, 0.0878511965507432, 0.0]","[6.543471162794182, 4.548496938650097, -1.2217046297233918]","[-0.021984059158932458, 0.9961336091431725, 0.0]","[-0.3052426930477726, -0.5357926202738647, 0.7838880371011323, 0.07261344015224298]","[[-0.2918048683496185, -0.8444646860172305, -0.4491428646625509], [-0.9076261705507147, 0.39262585751899026, -0.1485249828780425], [0.30176920541849045, 0.36431350520849237, -0.8810283857991156]]","[-17.885853304360047, 21.61637169059963, 1.3811637458752668]",[14.566066277931125],"[0.7909764236094973, 0.3543745315913804, -0.4987734843125872, 0.0]",[0.5],"[8, 0, 0]","[188.88240995672749, 0.0, 151.3188889541996, 92.02826721238593]"
29,0.15000000000000005,"[0.46365623173124626, 0.3073082252817163, 0.15531099787072053]","[0.9989626372405491, 0.09098020390356994, 0.0]","[6.344065956745889, 4.47206572911804, -1.5585951123418718]","[-0.022768670346592253, 0.9958527012051857, 0.0]","[-0.3708997628269214, -0.5220754210656402, 0.7641137094982408, 0.07746521548996178]","[[-0.23950633280201916, -0.7956734067524367, -0.5563636817179034], [-0.8843322948465724, 0.41530711273864584, -0.21325195051882956], [0.4007407002528245, 0.44093517879123884, -0.8031083733004001]]","[-16.81584171899233, 20.470946496698936, 1.481726490808438]",[20.51616275412815],"[0.8073249645209738, 0.34501548888347333, -0.47873866993559894, 0.0]",[0.5],"[8, 0, 0]","[190.30993176824697, 0.0, 157.36460272446234, 103.44136432625562]"
30,0.15500000000000005,"[0.4953765615149757, 0.3296685539273065, 0.14751802230901118]","[0.99888987496197, 0.09410831331851435, 0.0]","[6.109446825379583, 4.374664941903003, -1.8658674270980358]","[-0.02355322535482134, 0.99556196460308, 0.0]","[-0.4312920514345107, -0.5065037597288787, 0.7421782977249732, 0.08131716999492038]","[[-0.17974124130813612, -0.7403863131515183, -0.647704557241118], [-0.855313633361771, 0.4428727902164567, -0.26889083337179154], [0.4859338172616685, 0.5056597660322527, -0.7128650126480547]]","[-15.502475027319626, 19.430114130688544, 1.5740845083902866]",[25.51953818364533],"[0.8236880015408323, 0.3352866908008821, -0.45729739895331084, 0.0]",[0.5],"[8, 0, 0]","[186.70966681957748, 0.0, 156.37191571306437, 114.6022116572235]"
31,0.16000000000000006,"[0.5259237956418736, 0.3515418786368215, 0.138188685173521]","[0.9988146480219211, 0.09723549392239936, 0.0]","[5.858575087990434, 4.264882259404805, -2.1283556729456503]","[-0.024337722247808214, 0.9952614022063083, 0.0]","[-0.4863518270408263, -0.48986918653307243, 0.71867797857, 0.08361844017927175]","[[-0.1148822154998434, -0.68168929824584, -0.7225661057778325], [-0.8219750945016722, 0.47368291848905514, -0.3161984135802367], [0.5578162964460744, 0.5576057687908058, -0.6147493684668572]]","[-13.938365441719693, 18.45895981307749, 1.6503983454546907]",[29.72878293040778],"[0.8391973880728929, 0.3256654826076624, -0.4355338532072483, 0.0]",[0.5],"[8, 0, 0]","[178.1987058936062, 0.0, 148.4696454028413, 125.064366851631]"
32,0.16500000000000006,"[0.5552166710818258, 0.3728662899338455, 0.12754690680879277]","[0.9987369566060175, 0.10036171485121492, 0.0]","[5.612863231116425, 4.152781344043898, -2.3387857086415456]","[-0.025122159089884785, 0.9949510169813002, 0.0]","[-0.5360318913137128, -0.4730211156359563, 0.6941760136068683, 0.08390767420228311]","[[-0.046980160838951984, -0.622780431171652, -0.7809848904026233], [-0.7854523557936235, 0.5060722730948228, -0.3563080846442953], [0.6171365013234864, 0.5966870108811574, -0.5129397135920715]]","[-12.133213169450272, 17.520407830838288, 1.7040394302998423]",[33.316017198781374],"[0.8531792390269789, 0.3165810975130438, -0.41456193118855195, 0.0]",[0.5],"[8, 0, 0]","[164.7082040574512, 0.0, 133.20387630035003, 134.35595529299852]"
33,0.17000000000000007,"[0.583280987237408, 0.393630196654065, 0.11585297826558505]","[0.998656800905955, 0.10348694525042255, 0.0]","[5.393339398397362, 4.0486636238349565, -2.497455833316644]","[-0.025906533945531125, 0.9946308119914323, 0.0]","[-0.5803148065215066, -0.45682756563775295, 0.6692120016965245, 0.08184495947046301]","[[0.022158328685681183, -0.566765446211314, -0.8235811662797711], [-0.7466742034048525, 0.5384210527449578, -0.39061541691379864], [0.6648207596334418, 0.6236021960688577, -0.41125862740921526]]","[-10.114798035123794, 16.578415365885796, 1.7299219860767068]",[36.459209709547245],"[0.8651552175076702, 0.3083947433809727, -0.3954733010890113, 0.0]",[0.5],"[8, 0, 0]","[145.8515578957282, 0.0, 108.87034624307046, 142.0709377151597]"
34,0.17500000000000007,"[0.6102476842293948, 0.4138735147732398, 0.10336569909900183]","[0.9985741811195098, 0.10661115427525995, 0.0]","[5.218253784508143, 3.9621650410481335, -2.6108809269787607]","[-0.026690844879380247, 0.9943007903969989, 0.0]","[-0.6192215817394477, -0.4421261714936584, 0.6443013819612273, 0.07723218494455115]","[[0.09091339878921825, -0.5164372956214577, -0.8514853337620018], [-0.7064206629009068, 0.5692199557655255, -0.42066434242152795], [0.7019291993835531, 0.6397508590455259, -0.31307225588236914]]","[-7.927792176698264, 15.60115265885436, 1.7246912547889808]",[39.3313447798759],"[0.8748338619678906, 0.3013827024470032, -0.37925477006899555, 0.0]",[0.5],"[8, 0, 0]","[120.47265252061705, 0.0, 68.85515910256096, 147.88528859983097]"
35,0.18000000000000008,"[0.6363389531519356, 0.4336843399784805, 0.09031129446410802]","[0.9984890974505379, 0.10973431109104531, 0.0]","[5.022172111731734, 3.8607480246466594, -2.7100025334817897]","[-0.027475089956222883, 0.9939609554551797, 0.0]","[-0.6528163864952602, -0.4296727485468328, 0.6199268272804573, 0.07002016493459175]","[[0.15782183762308669, -0.4740773351440643, -0.8662233822011357], [-0.6653726780342984, 0.5971192761781018, -0.4480265274981001], [0.7296379012186375, 0.6470697414647377, -0.22119964463357428]]","[-7.142297752382081, 14.882855023730531, 1.6628776141810102]",[42.09128783886644],"[0.8820946798974333, 0.29572633670268594, -0.36668093688799047, 0.0]",[0.5],"[8, 0, 0]","[84.75244156505629, 122.95294305558862, 0.0, 151.5663895762931]"
36,0.18500000000000008,"[0.6614498137105942, 0.45298808010171376, 0.07676128179669907]","[0.998401550108975, 0.11285638487348172, 0.0]","[4.772915375554273, 3.7248270442580136, -2.7985681274607725]","[-0.028259267241012274, 0.9936113105200084, 0.0]","[-0.6832577899974299, -0.4176851645499006, 0.5956611773616909, 0.06233504236651045]","[[0.22157581064103735, -0.44131070544221895, -0.8695682959956961], [-0.6241519496598282, 0.6209570113174857, -0.47418006477654834], [0.7492252691111017, 0.6478095795507715, -0.13785588405160742]]","[-6.7299987058539195, 14.882855023730531, 1.548219921472906]",[43.964950353902104],"[0.8894425876776598, 0.2897770668925518, -0.35344184065899414, 0.0]",[0.5],"[8, 0, 0]","[0.0, 163.1040402454373, 0.0, 175.28810116396048]"
37,0.19000000000000009,"[0.6853143905883655, 0.47161221532300385, 0.0627684411593952]","[0.9983115393108354, 0.11597734480896142, 0.0]","[4.457498727180249, 3.543997259590943, -2.868940685721306]","[-0.02904337479886892, 0.9932518590423394, 0.0]","[-0.7120906891816268, -0.40586185253134843, 0.5703274279777854, 0.054126074464181634]","[[0.2826042085544992, -0.4124158671911346, -0.866053124118994], [-0.582779480338087, 0.6433068916161757, -0.4965121554363029], [0.7619074344066702, 0.6450344143440089, -0.05854626980198663]]","[-6.435888128805915, 14.882855023730531, 1.4025398750231517]",[44.80973409408718],"[0.8978837265722646, 0.2826086749145121, -0.33754577529539104, 0.0]",[0.5],"[8, 0, 0]","[0.0, 186.94774330597994, 0.0, 194.65498837090874]"
38,0.1950000000000001,"[0.7076018842242667, 0.4893322016209586, 0.048423737730788674]","[0.9982190652782118, 0.11909716009486979, 0.0]","[4.085204485591674, 3.319502920767275, -2.909291683869182]","[-0.029827410695085363, 0.9928826045698137, 0.0]","[-0.7394191113216256, -0.3940925374029995, 0.5439347240125553, 0.04566690036545132]","[[0.3435939859186842, -0.38586294560121603, -0.8561851202003365], [-0.5400336402727967, 0.66469304944584, -0.5162817228917778], [0.7683142847912066, 0.639760062234541, 0.020005563112132363]]","[-6.253643453087472, 14.882855023730531, 1.2286082180462292]",[44.63984908866405],"[0.9077354998136848, 0.2736466052793715, -0.31801540496818, 0.0]",[0.5],"[8, 0, 0]","[0.0, 206.32908390636157, 0.0, 210.69916379241477]"
39,0.2000000000000001,"[0.728027906652225, 0.505929716224795, 0.033877279311442764]","[0.9981241282392745, 0.1222157999398895, 0.0]","[3.6704216826070604, 3.0563750925301223, -2.910144223722378]","[-0.030611372995130975, 0.9925035507468237, 0.0]","[-0.765332278916251, -0.38224782972458404, 0.5164966602610208, 0.037206175010535684]","[[0.4040991004487945, -0.36118727336534595, -0.8403854297733763], [-0.4962551889054869, 0.6852112123485549, -0.5331194818764396], [0.7683974912119736, 0.6324787332636023, 0.09765217595330133]]","[-6.176478388688045, 14.882855023730531, 1.0311831850603688]",[43.53865043462884],"[0.9187297942096007, 0.2626187944480037, -0.29490156668668616, 0.0]",[0.5],"[8, 0, 0]","[0.0, 221.2926409180115, 0.0, 223.0293334260367]"
40,0.2050000000000001,"[0.7463800150652603, 0.5212115916874456, 0.019326558192830877]","[0.9980267284282716, 0.1253332335643043, 0.0]","[3.230281322812462, 2.7626034938397237, -2.865561036866766]","[-0.0313952597646567, 0.9921147013144779, 0.0]","[-0.7899046286976315, -0.370181539685079, 0.4880342965892947, 0.028962572244770498]","[[0.463693800960594, -0.3379092814684018, -0.8190270914006603], [-0.4518096283106825, 0.7050045944238617, -0.5466594749997566], [0.762139172800139, 0.6235269355358717, 0.17423559322011395]]","[-6.198745722417516, 14.882855023730531, 0.8162255288774009]",[41.641077097974744],"[0.9305389240312786, 0.24923257322824477, -0.2682916981658918, 0.0]",[0.5],"[8, 0, 0]","[0.0, 232.05764524011988, 0.0, 231.57736801573384]"
41,0.2100000000000001,"[0.7625314216793226, 0.5350246091566442, 0.004998753008497047]","[0.997926866085527, 0.12844943020030292, 0.0]","[2.7824351211511247, 2.4480735323564096, -2.7735640832164994]","[-0.032179069069499876, 0.9917160601105629, 0.0]","[-0.8131967885495807, -0.35773104654495774, 0.45857746858479703, 0.021123132742503145]","[[0.5219673895231175, -0.3155672349108317, -0.792443918851772], [-0.40707791441136676, 0.7242535941707013, -0.5565467661655332], [0.7495582805045342, 0.6130856804571061, 0.24957630605795317]]","[-6.316783786443704, 14.882855023730531, 0.5901672850030567]",[39.113842195009646],"[0.9427934653509306, 0.23317287497659664, -0.23826643084314714, 0.0]",[0.5],"[8, 0, 0]","[0.0, 238.9660044623858, 0.0, 236.48334116477446]"
42,0.2150000000000001,"[0.7764435972850783, 0.5472649768184262, -0.008869067407585451]","[0.9978245414574415, 0.13156435909228256, 0.0]","[2.3432883083894334, 2.123484337928142, -2.635935827818102]","[-0.03296279897568894, 0.9913076310695066, 0.0]","[-0.835256649994449, -0.34471656204466383, 0.4281648894399889, 0.013843696868964257]","[[0.5785210371390043, -0.2937402680969337, -0.7609402502732737], [-0.36244932293817395, 0.7431646232019838, -0.562438290946405], [0.7307146487441388, 0.6011846619129559, 0.32347040728841764]]","[-6.528919688201564, 14.882855023730531, 0.35932297752741343]",[36.13689234146718],"[0.9550811429171134, 0.21410728973174142, -0.2048855263991785, 0.0]",[0.5],"[8, 0, 0]","[0.0, 242.4288686969852, 0.0, 238.01343945273655]"
43,0.2200000000000001,"[0.7881600388270255, 0.557882398508067, -0.022048746546675962]","[0.9977197547964906, 0.13467798949715265, 0.0]","[1.9268134084772264, 1.799406610725614, -2.4576191816172037]","[-0.03374644754944828, 0.9908894182223387, 0.0]","[-0.8561197526103427, -0.3309405365025842, 0.3968435035867998, 0.007250113843318503]","[[0.6329663590156845, -0.27206497761135373, -0.7247994455790935], [-0.3183171370925927, 0.7619576878182153, -0.5639988317433776], [0.705710839216462, 0.5877083715007408, 0.39569063860589887]]","[-6.834746970068082, 14.882855023730531, 0.12948014171814706]",[32.888309253258406],"[0.9669325634800019, 0.191702113723797, -0.16820141876875083, 0.0]",[0.5],"[8, 0, 0]","[0.0, 242.87825213808082, 0.0, 236.49856773981526]"
44,0.22500000000000012,"[0.7977941058694116, 0.5668794315616951, -0.034336842454761984]","[0.9976125063612252, 0.13779029068463813, 0.0]","[1.5439368149164243, 1.4855723133817338, -2.2459381606689344]","[-0.03453001285720291, 0.9904614256966512, 0.0]","[-0.8758084360011947, -0.3161885053359108, 0.36466743904472615, 0.0014392439491521026]","[[0.6849253390204252, -0.25024927262928415, -0.6842898373615306], [-0.2750771353090388, 0.7808515942972815, -0.5608951393206816], [0.6746924111014801, 0.5724037816366243, 0.4659871899206708]]","[-7.233658488221522, 14.882855023730531, -0.09432946214041035]",[29.53357272660303],"[0.9778017478591808, 0.16565739694674766, -0.12830186561527007, 0.0]",[0.5],"[8, 0, 0]","[0.0, 240.72174508217273, 0.0, 232.28827644517952]"
45,0.23000000000000012,"[0.8055137899439937, 0.5743072931286037, -0.04556653325810665]","[0.99750279641627, 0.14090123193758272, 0.0]","[1.2024082950917299, 1.1904284220840886, -2.009831934325211]","[-0.03531349296558335, 0.9900236577165575, 0.0]","[-0.8943293486792439, -0.30023299586862673, 0.3316967997996234, -0.0035209779035187214]","[[0.7340311749548315, -0.2280863010081904, -0.6396677836868373], [-0.23312830897671474, 0.800045515340595, -0.5527914298694029], [0.6378474941144526, 0.5548908114897945, 0.5340849759880073]]","[-7.722476974883462, 14.882855023730531, -0.30789564667215896]",[26.21924231647088],"[0.9870537955122237, 0.13577198358626674, -0.08538602483992193, 0.0]",[0.5],"[8, 0, 0]","[0.0, 236.29565922006873, 0.0, 225.71542636609365]"
46,0.23500000000000013,"[0.8115258314194523, 0.5802594352390241, -0.05561569292973271]","[0.9973906252323237, 0.14401078255225222, 0.0]","[0.9070173586606183, 0.9209341079863266, -1.7592455335139399]","[-0.03609688594143031, 0.9895761186026509, 0.0]","[-0.9116690381464277, -0.2828427496760059, 0.2979964621811062, -0.007592915673702868]","[[0.779929671434583, -0.20547047559808998, -0.5911781383588522], [-0.19287482009741833, 0.8196955018127043, -0.539350153499939], [0.595406593336295, 0.5346785650888897, 0.5996747623888755]]","[-8.291997201197148, 14.882855023730531, -0.5077615870813462]",[23.070630256132972],"[0.9939797254299179, 0.10204963865702536, -0.03987701950040483, 0.0]",[0.5],"[8, 0, 0]","[0.0, 229.81315504962993, 0.0, 217.0688461542291]"
47,0.24000000000000013,"[0.8160609182127554, 0.5848641057789558, -0.06441192059730241]","[0.9972759930861571, 0.14711891183863746, 0.0]","[0.659992714041495, 0.682529185328164, -1.5047481063683121]","[-0.03688018985179951, 0.9891188127719618, 0.0]","[-0.9277876831585943, -0.2638002397049939, 0.2636349917811653, -0.010772168738962555]","[[0.8222809123182332, -0.1824167297719953, -0.5390530938009587], [-0.1547278252561088, 0.8398846531745767, -0.5202432791044364], [0.5476434983897914, 0.5111926310708247, 0.6623961749665217]]","[-8.922479848592948, 14.882855023730531, -0.6910642320043603]",[20.192728133334057],"[0.9978673579598843, 0.06484928354001511, 0.007436823415049995, -0.0]",[0.5],"[8, 0, 0]","[0.0, 221.30990594126717, 0.0, 206.57504203987114]"
48,0.24500000000000013,"[0.8193608817829628, 0.5882767517055966, -0.07193566112914397]","[0.9971589002606139, 0.15022558912075715, 0.0]","[0.4614094483053247, 0.47915297697627846, -1.2573421081224492]","[-0.03766340276396638, 0.988651744737914, 0.0]","[-0.9426118211710285, -0.24293064773040823, 0.22868377257872538, -0.013091491171105698]","[[0.8607611029784086, -0.159082519006822, -0.48351119505740286], [-0.11910537709915998, 0.8605867878244943, -0.49518106765907965], [0.4948779978393267, 0.48382138519123274, 0.7218120492802654]]","[-9.578801886686964, 14.882855023730531, -0.8553485486995253]",[17.67327588985532],"[0.9981571831620799, 0.025058236452723807, 0.05526592519646663, -0.0]",[0.5],"[8, 0, 0]","[0.0, 210.60078196498068, 0.0, 194.39513621312952]"
49,0.2500000000000001,"[0.8216679290244895, 0.5906725165904779, -0.07822237166975622]","[0.997039347044609, 0.1533307837369607, 0.0]","[0.3094536530803631, 0.31317111638055484, -1.0282889793714023]","[-0.03844652274543094, 0.9881749191102804, 0.0]","[-0.9560283490202577, -0.22014393226171064, 0.19321641964390385, -0.014623957670305821]","[[0.8950646900361574, -0.135788982665247, -0.42475940582548], [-0.08642820532668548, 0.8816266265044024, -0.46396622373021446], [0.43748070354529456, 0.4519909773714563, 0.7773768651048922]]","[-10.207094460896249, 14.882855023730531, -0.998446776205188]",[15.586281410486185],"[0.9946838691873605, -0.015775695407978827, 0.10176014845142706, 0.0]",[0.5],"[8, 0, 0]","[0.0, 197.27143672478817, 0.0, 180.64632297771593]"
50,0.2550000000000001,"[0.8232151972898913, 0.5922383721723807, -0.08336381656661324]","[0.996917333733128, 0.15643446504023092, 0.0]","[0.20048877199258996, 0.18512191905740313, -0.828669843522763]","[-0.039229547863922486, 0.9876883405951378, 0.0]","[-0.9678838690470364, -0.19548696164301324, 0.15730849571000946, -0.015482281601113715]","[[0.9249071100840958, -0.1130326810112448, -0.3630019982579933], [-0.05710900858050641, 0.9026455779008168, -0.42657885769814213], [0.375879500445073, 0.41527650272982014, 0.8284081285366843]]","[-10.735725981871173, 14.882855023730531, -1.1185176095457023]",[13.993685726038997],"[0.9879319112577599, -0.055459487676995246, 0.14461944525268686, 0.0]",[0.5],"[8, 0, 0]","[0.0, 180.7231748835861, 0.0, 165.4525633837506]"
51,0.2600000000000001,"[0.8242176411498543, 0.5931639817676677, -0.08750716578422706]","[0.9967928606272266, 0.15953660239848638, 0.0]","[0.12902974562861053, 0.09335265769357104, -0.6684427472744596]","[-0.040012476187404375, 0.9871920139948192, 0.0]","[-0.9779944162744741, -0.16919483000041943, 0.12103742156505608, -0.015810560330440284]","[[0.9500286722677556, -0.09147362096948887, -0.29845954254453977], [-0.0315334184984421, 0.9230902935680139, -0.3832883424242385], [0.31056587930255275, 0.37354636470891867, 0.874077770010074]]","[-11.083157648070081, 14.882855023730531, -1.2142880791440271]",[12.942904155509359],"[0.9791467458163785, -0.09141324162655753, 0.18142565808760566, 0.0]",[0.5],"[8, 0, 0]","[0.0, 160.24910524110808, 0.0, 149.01496256613515]"
52,0.2650000000000001,"[0.8248627898779973, 0.5936307450561356, -0.09084937952059935]","[0.9966659280340299, 0.16263716519488366, 0.0]","[0.0878712294986358, 0.0338073049772275, -0.5550188600542116]","[-0.04079530578407879, 0.986685944207868, 0.0]","[-0.9861687661340407, -0.14172276327860844, 0.08448225089292576, -0.015766177545749844]","[[0.9701999375258409, -0.07188309137346016, -0.23139771476712853], [-0.010032532488094926, 0.9422462713663333, -0.33477053691762876], [0.24209797503640942, 0.3271158590940478, 0.9134461041640242]]","[-11.172756853015695, 14.882855023730531, -1.2854357413781081]",[12.459509782731244],"[0.970135857760616, -0.12116556844314934, 0.21013167897992505, 0.0]",[0.5],"[8, 0, 0]","[0.0, 135.03670457786038, 0.0, 131.67733113103486]"
