,t,p,p_d,v,v_d,q,R,w,T_sp,q_sp,hover_throttle,fa,pwm
0,0.005,"[0.0, 0.0, 0.0]","[1.0, 0.0, 0.0]","[0.0, 0.0, 0.6762100503958256]","[-0.0, 1.0, 0.0]","[1.0, 0.0, 0.0, 0.0]","[[1.0, 0.0, 0.0], [0.0, 1.0, 0.0], [0.0, 0.0, 1.0]]","[-6.084708753298547, 8.420492254617965, 0.04671567002638836]",[9.81],"[0.8646764359383717, -0.2919729376649273, 0.40876211273089824, 0.0]",[0.5],"[4, 0, 0]","[0.0, 246.67202422039162, 290.18084455418426, 0.0]"
1,0.01,"[0.0, 0.0, 0.003381050251979128]","[0.9999987662997035, 0.0031415874858795635, 0.0]","[0.0, 0.0, 1.1687138934113892]","[-0.0007853978404154395, 0.9999950652018582, 0.0]","[0.9996628875664175, -0.015206643805807704, 0.021044134004955122, 0.00011674980398294831]","[[1.0, 0.0, 0.0], [0.0, 1.0, 0.0], [0.0, 0.0, 1.0]]","[-10.897996001262023, 14.438281866965763, 0.07080571731407477]",[3.0478994960417447],"[0.7662646130176661, -0.3743735599773389, 0.5221905594960331, 0.0]",[0.5],"[4, 0, 0]","[0.0, 219.39205199741116, 245.31183445459365, 0.0]"
2,0.015,"[0.0, 0.0, 0.009224619719036074]","[0.9999950652018582, 0.006283143965558951, 0.0]","[0.016070356332879537, 0.011615413098952624, 1.5011349806295198]","[-0.0015707937429397818, 0.9999802608561371, 0.0]","[0.9974694576096858, -0.04239960211251989, 0.05706885191756454, 0.0003178322677877993]","[[0.9991142615869296, -0.0008734421923748911, 0.04207052878608903], [-0.00040660040768526165, 0.9995374887072932, 0.03040794871125556], [-0.0420776302768233, -0.030398121117175284, 0.9986518048162897]]","[-14.397602563043295, 18.578396885386418, 0.08361588644686241]",[0.0],"[0.6669921754459486, -0.43517334044575656, 0.6047690481987008, 0.0]",[0.5],"[4, 0, 0]","[0.0, 187.07235396448274, 203.4727258976164, 0.0]"
3,0.02,"[8.035178166439768e-05, 5.8077065494763116e-05, 0.016730294622183672]","[0.999988896715596, 0.009424638433144006, 0.0]","[0.04314641515989153, 0.03174510552884181, 1.6875610842633315]","[-0.0023561857696867113, 0.9999555871089498, 0.0]","[0.9915822267712092, -0.07817051759534738, 0.1032166917939582, 0.0006101355887514285]","[[0.9934860902469214, -0.005473449188168414, 0.11382192161385571], [-0.004205337269123804, 0.9964043454466992, 0.08462089288933342], [-0.1138758254606266, -0.0845483395988334, 0.9898908397630223]]","[-16.47270446557877, 21.260912574103415, 0.09576416217049283]",[0.0],"[0.5930254324031676, -0.47141808298171956, 0.6527525009993272, 0.0]",[0.5],"[4, 0, 0]","[0.0, 144.05213995409702, 163.7838724880138, 0.0]"
4,0.025,"[0.00029608385746385534, 0.0002168025931389722, 0.02516810004350033]","[0.9999802608561371, 0.012566039883352607, 0.0]","[0.06653902409667936, 0.049484012216675574, 1.749010865821918]","[-0.0031415719827794755, 0.9999210442038161, 0.0]","[0.9806623130047115, -0.11874520867291154, 0.15556386978506548, 0.000941109436246834]","[[0.9786918845393489, -0.017347003655479327, 0.20460028494846932], [-0.01492700523257331, 0.9877779958268778, 0.1551509441641385], [-0.20479106340757347, -0.15489903945607175, 0.9664713694279732]]","[-17.202998957868417, 22.81728243740638, 0.11228566959075924]",[0.0],"[0.5490319606695058, -0.4903638413987897, 0.6768361760515026, 0.0]",[0.5],"[4, 0, 0]","[0.0, 85.45726957314083, 124.75455355629175, 0.0]"
5,0.030000000000000002,"[0.0006287789779472521, 0.00046422265422235004, 0.033913154372609916]","[0.9999691576447897, 0.015707317311820675, 0.0]","[0.07469902946804254, 0.05572512049180767, 1.7246746834606372]","[-0.003926950444355667, 0.9998766324816606, 0.0]","[0.9642238531083701, -0.16052195276398154, 0.21095920495374604, 0.0011303198527663973]","[[0.9515979934610486, -0.03879074947226725, 0.30488774425398985], [-0.035099107246105724, 0.9717973794605115, 0.23319070724239677], [-0.30533475319955455, -0.23260509673922158, 0.9233989156694439]]","[-17.202998957868417, 23.35256176726789, 0.1229912561879891]",[0.0],"[0.5316323129316461, -0.497892751334042, 0.6851787299792411, 0.0]",[0.5],"[4, 0, 0]","[0.0, 0.0, 73.16278629614312, 0.0]"
6,0.035,"[0.001002274125287465, 0.0007428482566813883, 0.042536527789913105]","[0.9999555871089498, 0.018848439715408175, 0.0]","[0.1062143259924917, 0.07976395824691485, 1.7422634859121504]","[-0.004712319216572003, 0.999822352380809, 0.0]","[0.9425290432061483, -0.20146296734970146, 0.26655282681597714, 0.0011251737499733384]","[[0.9109898724446276, -0.06990692979278328, 0.40646091259833095], [-0.06554740433806606, 0.948462850115737, 0.3100350943600983], [-0.40718667719838675, -0.3090812888501661, 0.8594578330522429]]","[-16.66027532382905, 22.34456819590685, 0.13229665493442258]",[1.6659311093239833],"[0.5339487553840486, -0.4981695427141852, 0.6831733552589454, 0.0]",[0.5],"[4, 0, 0]","[100.39888302969517, 0.0, 0.0, 73.66977901686465]"
7,0.04,"[0.0015333457552499236, 0.0011416680479159626, 0.051247845219473856]","[0.9999395492821014, 0.02198937609250511, 0.0]","[0.16076702828547898, 0.12109778802182733, 1.7776183132396057]","[-0.0054976763616091115, 0.999758204436984, 0.0]","[0.9170240225541139, -0.24011243084820325, 0.31845143953613253, 0.0012819002316955615]","[[0.8578966490008882, -0.10952206476760175, 0.5020141999606069], [-0.10528002901558957, 0.9188228135413711, 0.38036923220260027], [-0.5029209233304215, -0.37916955922774215, 0.7767245266061298]]","[-15.733332080470282, 21.09815848242623, 0.13868598433685922]",[3.798932109004024],"[0.524350194199512, -0.5026012586630686, 0.6873491460918777, 0.0]",[0.5],"[4, 0, 0]","[111.64272092172511, 0.0, 0.0, 96.27789171760928]"
8,0.045,"[0.0023371808966773187, 0.0017471569880250994, 0.06013593678567188]","[0.9999210442038161, 0.02513009544333748, 0.0]","[0.22677619033886778, 0.1710135910665737, 1.8057136163944796]","[-0.006283019941676304, 0.9996841892832999, 0.0]","[0.8888603122195398, -0.27554342998024517, 0.366061523361928, 0.0014576246596592808]","[[0.797174074778322, -0.15527936512222582, 0.5834396397816702], [-0.15057723189429575, 0.8846887545679257, 0.441194180351582], [-0.5846708405046194, -0.43956128845508136, 0.6818694024190637]]","[-14.755753285008243, 19.812978371822503, 0.144838010639693]",[5.384879660301965],"[0.5071933692917171, -0.5095072042792955, 0.6950951696954973, 0.0]",[0.5],"[4, 0, 0]","[113.3657845473548, 0.0, 0.0, 98.87258444392145]"
9,0.049999999999999996,"[0.0034710618483716578, 0.002602224943357968, 0.06916450486764428]","[0.9999000719197535, 0.028270566770273252, 0.0]","[0.29854709777725763, 0.2252219115025349, 1.8207266093349748]","[-0.007068348019016367, 0.9996003076502565, 0.0]","[0.858926639941454, -0.3076863252741922, 0.4093549677611645, 0.0016318110809906028]","[[0.7319936728885924, -0.20432294488204594, 0.6499518420973949], [-0.19914044604171133, 0.8481473870501465, 0.49090639901137695], [-0.6515583976907802, -0.48877207779775783, 0.5801495586173326]]","[-13.752507066679929, 18.60772535098303, 0.14887814668991595]",[6.62794842169541],"[0.48864368718081674, -0.5166292141242965, 0.703080082274877, 0.0]",[0.5],"[4, 0, 0]","[109.78401617901717, 0.0, 0.0, 100.16217940561774]"
10,0.05499999999999999,"[0.004963797337257946, 0.0037283345008706425, 0.07826813791431915]","[0.9998766324816606, 0.03141075907812829, 0.0]","[0.3728527293990709, 0.2812940084442659, 1.8219942966801357]","[-0.007853658655910338, 0.9995065603657316, 0.0]","[0.8279204144616231, -0.3365781945071401, 0.4486200888901902, 0.0017094280228777225]","[[0.6648516951237042, -0.25470906354396516, 0.7022076020947751], [-0.24910263950870723, 0.8106529248637202, 0.5298959429922928], [-0.7042159459149818, -0.527223983102488, 0.47551527121704024]]","[-12.717909708928016, 17.525979012080278, 0.1498211263129329]",[7.587738816898012],"[0.47044355376408536, -0.5234278458812872, 0.7104267399794953, 0.0]",[0.5],"[4, 0, 0]","[104.00703528621287, 0.0, 0.0, 101.71515903501866]"
11,0.05999999999999999,"[0.006828060984253301, 0.005134804543091972, 0.08737810939771982]","[0.9998507259473718, 0.034550641374472266, 0.0]","[0.44757270634570734, 0.3375943221991905, 1.8103107221878478]","[-0.008638949914682283, 0.9994029483549729, 0.0]","[0.7963958970653972, -0.3622781102840127, 0.4842579819643511, 0.0015339003423329059]","[[0.5974741873999847, -0.30482201979097245, 0.7416927474643932], [-0.2991609383621995, 0.7734243936762968, 0.5588536840933424], [-0.7439941722547135, -0.5557861490870432, 0.37091026965294305]]","[-11.622065830928836, 16.60697301586726, 0.14628436867720962]",[8.292070156187622],"[0.4531257100956001, -0.5298221450111602, 0.7169139317283012, 0.0]",[0.5],"[4, 0, 0]","[95.86480043337151, 0.0, 0.0, 104.68256196708116]"
12,0.06499999999999999,"[0.009065924515981837, 0.006822776154087925, 0.09642966300865906]","[0.999822352380809, 0.037690182669934534, 0.0]","[0.5319638336382411, 0.4009820230246494, 1.7906796982111215]","[-0.009424219857704086, 0.9992894726405892, 0.0]","[0.7647827736204504, -0.38481032321671244, 0.5167471296847357, 0.0008533943094119588]","[[0.5309837081071078, -0.35331531707027153, 0.7702107428803879], [-0.34842894931370694, 0.737504435917569, 0.5785192082222115], [-0.7724335369499253, -0.5755479942849613, 0.2684975554257178]]","[-10.695402270737969, 15.90014577384567, 0.13072990696509584]",[8.764237817078659],"[0.43688826330588737, -0.5358745746925454, 0.7224728960892923, 0.0]",[0.5],"[4, 0, 0]","[84.07301838411597, 52.815090998521036, 0.0, 109.80013405770839]"
13,0.06999999999999999,"[0.011725743684173041, 0.008827686269211172, 0.10538306149971466]","[0.9997915118519811, 0.04082935197850999, 0.0]","[0.6395512986399918, 0.48128684618255624, 1.7647599607056472]","[-0.010209466547400226, 0.9991661343425401, 0.0]","[0.7331115381482876, -0.40466039753225724, 0.5466235398155064, -0.00037552956338162427]","[[0.4659433513614794, -0.3990045825244711, 0.7897418163213252], [-0.3963939374566951, 0.7038405737280041, 0.5894745907346746], [-0.7910553960814697, -0.5877106344951628, 0.16978683821687274]]","[-10.142565799700122, 15.497347714134731, 0.092349354583538]",[8.889521275470091],"[0.41807622939606365, -0.5427238651575097, 0.7284662467146046, 0.0]",[0.5],"[4, 0, 0]","[63.46637375106123, 94.04757327414126, 0.0, 119.88874321275301]"
14,0.075,"[0.014923500177373001, 0.011234120500123953, 0.1142068613032429]","[0.999758204436984, 0.0439681183178649, 0.0]","[0.7758172917983956, 0.5820552991432241, 1.7284405119632904]","[-0.010994688046252553, 0.9990329346781247, 0.0]","[0.7009218470994185, -0.42265587246235564, 0.5745141346026507, -0.0020216017391339477]","[[0.4024051293942251, -0.4418431877328032, 0.8017759720092215], [-0.44294440795612666, 0.6724996432931651, 0.5929118663266592], [-0.8011681242396089, -0.5937329595236233, 0.07490533677720218]]","[-9.872405155477304, 15.497347714134731, 0.02436727584055641]",[8.525103558297106],"[0.39097740540722387, -0.5520942298936495, 0.7364296502580361, 0.0]",[0.5],"[4, 0, 0]","[0.0, 125.07884099491531, 0.0, 135.4485987629975]"
15,0.08,"[0.018802586636364978, 0.014144396995840074, 0.12284906386305935]","[0.9997224302180006, 0.04710645070964266, 0.0]","[0.9828063076205186, 0.7334138536451769, 1.6749257412585155]","[-0.011779882416805075, 0.99888987496197, 0.0]","[0.6675278428879428, -0.43937866641110696, 0.6011119507593784, -0.004170027148800272]","[[0.3398588445363514, -0.48280957595469076, 0.8070879005144779], [-0.48847751525506344, 0.6427158531989865, 0.5901745920801217], [-0.8036701331271775, -0.5948203471748007, -0.017408954770295415]]","[-10.001346649262999, 15.497347714134731, -0.07821833630413211]",[7.641708050389295],"[0.3503239994033322, -0.5658137490208212, 0.7464100058687969, 0.0]",[0.5],"[4, 0, 0]","[0.0, 162.1453375990213, 0.0, 158.11924477192412]"
16,0.085,"[0.02371661817446757, 0.017811466264065958, 0.13122369256935193]","[0.9996841892832999, 0.050244318179769556, 0.0]","[1.401128380110839, 1.035192288754719, 1.5694314441005266]","[-0.01256504772166874, 0.9987369566060175, 0.0]","[0.6325798233044252, -0.4555410527239976, 0.6263270625051532, -0.006287066479674111]","[[0.2772940670556657, -0.5226643161220239, 0.8061823695842185], [-0.5337987530317152, 0.6138579967527511, 0.5815816804925048], [-0.7988534857140666, -0.5916082931090444, -0.10877837968589654]]","[-11.291862573342593, 15.497347714134731, -0.2857753796098874]",[5.749411134617766],"[0.26662802864238155, -0.593654751668654, 0.7592651250804993, 0.0]",[0.5],"[4, 0, 0]","[0.0, 241.54055652589034, 0.0, 213.15881686207794]"
17,0.09000000000000001,"[0.030722260075021764, 0.022987427707839552, 0.13907084978985457]","[0.999643481727238, 0.05338168975876048, 0.0]","[10.286053282342198, 7.363338586266807, -0.7016684419966783]","[-0.013350182023526206, 0.9985741811195098, 0.0]","[0.5947664086696797, -0.47305910913835153, 0.649940854976059, -0.0066995083693232125]","[[0.21534976713749182, -0.5626812360006224, 0.7981317588259723], [-0.5785895216118841, 0.5848856441563843, 0.5684566375201389], [-0.7866756912951863, -0.5842076770400945, -0.19960647988644448]]","[-11.291862573342593, 25.948527226220126, 4.167085844858021]",[1.1228281687318804],"[0.026765932174606804, 0.027161500143888063, -0.999272654376551, 0.0]",[0.5],"[4, 0, 0]","[1030.0288387013977, 0.0, 1079.569916067229, 0.0]"
18,0.09500000000000001,"[0.08215252648673275, 0.05980412063917359, 0.13556250757987118]","[0.9996003076502565, 0.05651853448202453, 0.0]","[12.286241878954955, 8.784988979418932, -1.5010890991189756]","[-0.014135283385136626, 0.998401550108975, 0.0]","[0.5379456855835972, -0.48141431440331317, 0.6918746810611438, -0.012811048205444913]","[[0.15506400324119785, -0.606951598629836, 0.7794645032453371], [-0.6228901687605354, 0.5523403916976775, 0.5540107664664361], [-0.7667874494019093, -0.5714279032563448, -0.29241607141156223]]","[-23.45127474974337, 25.948527226220126, 3.1406434150694276]",[0.0],"[0.7548558851048629, 0.3793180672186515, -0.5350798039583075, 0.0]",[0.5],"[4, 0, 0]","[0.0, 563.38944641265, 0.0, 442.5082446295713]"
19,0.10000000000000002,"[0.14358373588150752, 0.10372906553626826, 0.1280570620842763]","[0.9995546671588833, 0.059654821390170705, 0.0]","[14.047377785352612, 9.94917520451207, -2.5297171593572902]","[-0.014920349869340445, 0.9982190652782118, 0.0]","[0.46315760371122217, -0.5047483311331326, 0.7285009292944703, 0.0007432091825712105]","[[0.04229060550083685, -0.6523734542522778, 0.7567168432599635], [-0.6799400466919682, 0.5361522698629316, 0.5002222270404931], [-0.7320471553055153, -0.5356767866052977, -0.42090063281174284]]","[-23.016993571323546, 25.948527226220126, 2.20970819295352]",[0.0],"[0.7654063031824246, 0.3721965224215516, -0.5249980378495882, 0.0]",[0.5],"[4, 0, 0]","[0.0, 480.16913648929767, 0.0, 484.67020892672576]"
20,0.10500000000000002,"[0.21382062480827058, 0.15347494155882863, 0.11540847628748986]","[0.9995065603657316, 0.06279051952931337, 0.0]","[15.026964582953735, 10.630219693726657, -3.408521701698462]","[-0.015705379539064146, 0.9980267284282716, 0.0]","[0.38539807876822096, -0.5254435423278514, 0.758434488867415, 0.012431041957401977]","[[-0.06142831268559193, -0.7361077025487521, 0.6740712222376797], [-0.7347308106125288, 0.490457139716857, 0.4686389122100471], [-0.6755717566160222, -0.46647319788939384, -0.570968963529179]]","[-22.38237243547838, 25.948527226220126, 1.6284124691282322]",[0.0],"[0.7782296749522397, 0.36085158121982286, -0.5139501039545424, 0.0]",[0.5],"[4, 0, 0]","[0.0, 377.0289448796951, 0.0, 385.35313238060985]"
21,0.11000000000000003,"[0.28895544772303927, 0.2066260400274619, 0.09836586777899756]","[0.9994559873895001, 0.06592559795137787, 0.0]","[15.515430345093536, 10.992479527131684, -4.0580767548724905]","[-0.016490370457325067, 0.9978245414574415, 0.0]","[0.30562313278957265, -0.5427351555498356, 0.7820083483135332, 0.022270940755231446]","[[-0.15075480941544733, -0.8066108082831557, 0.571534768320272], [-0.7874472095332762, 0.44750910604362565, 0.42386612533474777], [-0.5976620112039658, -0.3861536015225415, -0.7026275801552351]]","[-21.770998510741272, 25.948527226220126, 1.2865499689164666]",[0.0],"[0.7889301316793261, 0.3528570402727526, -0.5030717209885627, 0.0]",[0.5],"[4, 0, 0]","[0.0, 287.0692519745992, 0.0, 297.52730072486963]"
22,0.11500000000000003,"[0.36653259944850697, 0.26158843766312034, 0.0780754840046351]","[0.9994029483549729, 0.06906002571440581, 0.0]","[15.71641058836263, 11.154821152371502, -4.466814889206661]","[-0.01727532068723614, 0.9976125063612252, 0.0]","[0.22447733070211434, -0.5563051342344071, 0.7995025389949485, 0.030499438780450798]","[[-0.22406610326836618, -0.8624598744940005, 0.45382523756829923], [-0.8352338157588614, 0.4098851122563456, 0.3665769602191277], [-0.502174127548426, -0.2969127138375794, -0.8121970118035287]]","[-21.10457002117024, 25.948527226220126, 1.1094066753032763]",[0.0],"[0.7968401060463876, 0.34732766390458003, -0.4943777293553673, 0.0]",[0.5],"[4, 0, 0]","[0.0, 202.37015826312526, 0.0, 218.2154115802839]"
23,0.12000000000000004,"[0.4451146523903201, 0.3173625434249778, 0.055741409558601795]","[0.9993474433930183, 0.07219377188286062, 0.0]","[15.778965264935989, 11.212278808352517, -4.688581574367374]","[-0.01806022829201071, 0.9973906252323237, 0.0]","[0.14267802053273737, -0.5659327438905739, 0.8111643844954278, 0.037087102549267933]","[[-0.2802690512505837, -0.903227599763365, 0.3250064029166329], [-0.8758418693419723, 0.37918876371703164, 0.29852454066342515], [-0.39287438045596396, -0.2009870256918595, -0.8973594244698624]]","[-20.33609813566801, 26.60268225777739, 1.0585840221774825]",[0.0],"[0.8019339270206572, 0.34383410269107995, -0.48854896020751787, 0.0]",[0.5],"[4, 0, 0]","[0.0, 110.15479568191128, 80.87985110998056, 140.77925225950705]"
24,0.12500000000000003,"[0.524009478715, 0.3734239374667404, 0.03229850168676492]","[0.9992894726405892, 0.07532680552793275, 0.0]","[15.796366213360045, 11.232633596254765, -4.825469189370074]","[-0.018845091334967277, 0.9971589002606139, 0.0]","[0.05965098400524329, -0.5715053398164027, 0.8174036482627837, 0.04092288449309817]","[[-0.318726223698692, -0.9287120004856604, 0.18949304599561126], [-0.9075459429695636, 0.35668935243397265, 0.22165980073012687], [-0.2734482688302445, -0.10132485388174393, -0.9565350585627199]]","[-20.068559945063647, 28.17172317039343, 1.0846140766177157]",[0.0],"[0.8047928688718167, 0.3418417414767714, -0.48523464632814395, 0.0]",[0.5],"[4, 0, 0]","[0.0, 0.0, 125.26136326162366, 51.72409405725371]"
25,0.13000000000000003,"[0.6029913097818003, 0.42958710544801426, 0.008171155739914553]","[0.9992290362407229, 0.07845909572784497, 0.0]","[15.801008180774462, 11.244991064309465, -4.965042497808639]","[-0.019629907879534312, 0.996917333733128, 0.0]","[-0.026603002409925972, -0.5730233773567575, 0.8180455739704283, 0.04168846570485436]","[[-0.3396468133370883, -0.9391832801918718, 0.050742569879710715], [-0.9294189188784869, 0.343413928172205, 0.13508274193278869], [-0.14429315791369263, -0.0012806816044088482, -0.9895341552639415]]","[-20.068559945063647, 28.083057547414093, 1.1212063692463294]",[0.0],"[0.8066037660466944, 0.3405331184421795, -0.48314341539892064, 0.0]",[0.5],"[4, 0, 0]","[97.93569968121967, 0.0, 93.29922315998495, 0.0]"
26,0.13500000000000004,"[0.6819963506856725, 0.48581206076956157, -0.016654056749128645]","[0.9991661343425401, 0.08159061156815756, 0.0]","[15.790504273454705, 11.24933034848926, -5.1285756938117455]","[-0.020414675989255, 0.9966659280340299, 0.0]","[-0.11248383642038855, -0.570201287348995, 0.8126692134438985, 0.04226852221423764]","[[-0.341872978530865, -0.9353003985493396, -0.0913018675815632], [-0.939736551963789, 0.3398125616596604, 0.03771784513341675], [-0.0042519940785048504, 0.09869441428847972, -0.9951087041799053]]","[-19.669483454131296, 26.50924065163055, 1.1512616774605988]",[0.0],"[0.8084950235287093, 0.33917177601061976, -0.48093482228584145, 0.0]",[0.5],"[4, 0, 0]","[131.82675747793627, 0.0, 40.49845712260138, 63.17250121155172]"
27,0.14000000000000004,"[0.760948872052946, 0.5420587125120079, -0.04229693521818737]","[0.999100767101245, 0.08472132214207347, 0.0]","[15.759099824991472, 11.241231925811523, -5.30963398045214]","[-0.021199393727792056, 0.9964046856445924, 0.0]","[-0.19384278100557414, -0.563215449290244, 0.8020474683202375, 0.04396808494705268]","[[-0.32443575689940024, -0.9172610123122565, -0.2310274332996144], [-0.9362791144661681, 0.34616772787074673, -0.05957620326315774], [0.13462117017602282, 0.19697751006827954, -0.9711215171479516]]","[-18.883733612610573, 24.774842453088727, 1.174205223798383]",[0.0],"[0.8107807207575635, 0.3375404730720163, -0.47822698782708334, 0.0]",[0.5],"[4, 0, 0]","[135.41280140650917, 0.0, 31.50626603297304, 88.64253163807548]"
28,0.14500000000000005,"[0.8397443711779033, 0.5982648721410655, -0.06884510512044807]","[0.9990329346781247, 0.0878511965507432, 0.0]","[15.68531029900634, 11.210972257118467, -5.547213082730148]","[-0.021984059158932458, 0.9961336091431725, 0.0]","[-0.26942044546882044, -0.5527570398821946, 0.7872320047149691, 0.04623904385372958]","[[-0.2904266678656272, -0.8864052587209187, -0.3604692329511217], [-0.9204968421674228, 0.3617103303737548, -0.14782151555410417], [0.2614152140795782, 0.28887948042879513, -0.9209835675162278]]","[-17.77280511902905, 23.001890737062922, 1.2116497197009988]",[12.076478262524779],"[0.8133946308194049, 0.3356757735741488, -0.47509046463758975, 0.0]",[0.5],"[4, 0, 0]","[154.20935452718345, 0.0, 77.78822445224283, 105.40059267297885]"
29,0.15000000000000005,"[0.9181709226729351, 0.6543197334266578, -0.09658117053409881]","[0.9989626372405491, 0.09098020390356994, 0.0]","[15.53238697326856, 11.138567320573781, -5.869913143885851]","[-0.022768670346592253, 0.9958527012051857, 0.0]","[-0.3384960083459466, -0.5396349887751798, 0.769326680178194, 0.04848701258555015]","[[-0.24374455684811255, -0.8453805776672961, -0.4753107088103802], [-0.8952115528397927, 0.38464321136833357, -0.225046385464025], [0.373074880780098, 0.3706498062203246, -0.8505491487737505]]","[-16.035167039722577, 21.269897072229064, 1.2708375526035665]",[40.02331806592721],"[0.8169834462986506, 0.333153785227123, -0.47068737380858205, 0.0]",[0.5],"[4, 0, 0]","[179.29059358020874, 0.0, 121.75869701177412, 131.81950080722032]"
30,0.15500000000000005,"[0.9958328575392779, 0.7100125700295268, -0.12593073625352807]","[0.99888987496197, 0.09410831331851435, 0.0]","[15.30576919328593, 11.023619731393845, -6.221882270962838]","[-0.02355322535482134, 0.99556196460308, 0.0]","[-0.4003030225918209, -0.5250339375575611, 0.7494343152740409, 0.04944756421083401]","[[-0.1884290624469448, -0.7974858684111552, -0.5731585976934054], [-0.8631365092784689, 0.4128861770002805, -0.2907238744800169], [0.46849744372402397, 0.4399332841768153, -0.766138923888779]]","[-13.8611620838112, 19.6529861855293, 1.3420309829750539]",[64.29427502234871],"[0.8221192113898779, 0.32958525637268893, -0.46421284024188125, 0.0]",[0.5],"[4, 0, 0]","[191.7105547588018, 0.0, 143.47065183838092, 147.44507302420712]"
31,0.16000000000000006,"[1.0723617035057076, 0.765130668686496, -0.15704014760834226]","[0.9988146480219211, 0.09723549392239936, 0.0]","[15.029631864366921, 10.876966328402736, -6.556684654471507]","[-0.024337722247808214, 0.9952614022063083, 0.0]","[-0.45466085757333047, -0.5101532542330263, 0.728494873590489, 0.04819108774985999]","[[-0.1281937090333103, -0.7473688801513688, -0.6519249419569495], [-0.8265449178049687, 0.44378860561283684, -0.346229941482523], [0.5480783445959714, 0.49446074718778527, -0.6746248569949351]]","[-11.274859743439878, 18.154865755352482, 1.4057181944780188]",[84.7144544247987],"[0.8280160178585334, 0.3254754165011774, -0.45656897334694335, 0.0]",[0.5],"[4, 0, 0]","[191.38996106106083, 16.917460402567976, 147.13569550991423, 161.70721650620814]"
32,0.16500000000000006,"[1.1475098628275422, 0.8195155003285097, -0.1898235708806998]","[0.9987369566060175, 0.10036171485121492, 0.0]","[14.668309619976363, 10.677073147450399, -6.901209236513791]","[-0.025122159089884785, 0.9949510169813002, 0.0]","[-0.5015558670786726, -0.49625393504564713, 0.7072804548427708, 0.04391016224149805]","[[-0.06605432357227431, -0.6994668583410443, -0.7116058884100942], [-0.7871092634760161, 0.47484255251387747, -0.3936795113697812], [0.6132665274476126, 0.5341073528838708, -0.5819222473043384]]","[-10.30994655647965, 16.760979047170405, 1.403345053358628]",[101.55122386573929],"[0.8339540479742353, 0.3212815192912255, -0.4486633829825083, 0.0]",[0.5],"[4, 0, 0]","[179.0547314857146, 144.42950762069893, 134.61697435910745, 174.6682986152891]"
33,0.17000000000000007,"[1.220851410927424, 0.8729008660657617, -0.22432961706326876]","[0.998656800905955, 0.10348694525042255, 0.0]","[14.238037753586713, 10.42813922548553, -7.231956626224042]","[-0.025906533945531125, 0.9946308119914323, 0.0]","[-0.5434769873632294, -0.48209895765733457, 0.6860394190970347, 0.03953826851675284]","[[-0.0043474883013429055, -0.6579346188000009, -0.7530625051946005], [-0.7460282167864, 0.503607859207272, -0.4356845463212726], [0.6659001419912556, 0.559911744410819, -0.4930272197017724]]","[-9.562775386026352, 15.516103086552901, 1.3258812537920006]",[114.27255066389505],"[0.8405538647769617, 0.3165234123871745, -0.43963863549430227, 0.0]",[0.5],"[4, 0, 0]","[158.45990825200192, 185.78282148663715, 112.52014449447631, 204.90721916044993]"
34,0.17500000000000007,"[1.2920415996953576, 0.9250415621931893, -0.260489400194389]","[0.9985741811195098, 0.10661115427525995, 0.0]","[13.751812345703073, 10.136726451786046, -7.532947251829048]","[-0.026690844879380247, 0.9943007903969989, 0.0]","[-0.581139036611964, -0.467877743628645, 0.6649170326196926, 0.035400238345369595]","[[0.055573281535400615, -0.6185014995989611, -0.7838159894855576], [-0.7044540558351342, 0.5320346406968175, -0.4697697567064513], [0.7075705573275481, 0.5782689997677941, -0.4061389790585707]]","[-8.895327686196037, 14.402240423447745, 1.2071416058658302]",[124.06621309237767],"[0.8474880141597464, 0.3113117708256177, -0.4299407484770286, 0.0]",[0.5],"[4, 0, 0]","[147.4564701796734, 206.20807638090736, 102.97953178567745, 221.80227177154268]"
35,0.18000000000000008,"[1.360800661423873, 0.9757251944521196, -0.2981541364535342]","[0.9984890974505379, 0.10973431109104531, 0.0]","[13.222298575656703, 9.810371326035362, -7.793586409379165]","[-0.027475089956222883, 0.9939609554551797, 0.0]","[-0.6150381194868266, -0.45381391150640554, 0.6440381262793797, 0.03155847271193522]","[[0.11326432571462733, -0.5810548410289879, -0.8059444548088835], [-0.6633446826604358, 0.5596744802841179, -0.4967275994997944], [0.7396925202450925, 0.5908804852383265, -0.3220484865016187]]","[-8.29042290240293, 13.40148241190484, 1.0709795257409838]",[131.40205057231506],"[0.8545392754042973, 0.3057735007152406, -0.41983948486516304, 0.0]",[0.5],"[4, 0, 0]","[144.34002454339372, 216.43994257003263, 104.05028865773728, 229.98977494151796]"
36,0.18500000000000008,"[1.4269121543021566, 1.0247770510822964, -0.33712206850043]","[0.998401550108975, 0.11285638487348172, 0.0]","[12.661439071314444, 9.456732891587988, -8.007619089965479]","[-0.028259267241012274, 0.9936113105200084, 0.0]","[-0.6456029250754521, -0.44005660037571176, 0.623507142524545, 0.028033815663732187]","[[0.1684379093972715, -0.5457275950709534, -0.8208593440145212], [-0.6233662499134532, 0.5861139930466926, -0.5175759901924543], [0.7635726482442352, 0.598875428726989, -0.24146434875639594]]","[-7.741562489694755, 12.498567352626115, 0.9318491099616721]",[136.65179264435278],"[0.8615534569638037, 0.3000167049207202, -0.40953097265314725, 0.0]",[0.5],"[4, 0, 0]","[145.89798314256396, 220.92973559473896, 110.71165653299842, 233.02049737532323]"
37,0.19000000000000009,"[1.4902193496587288, 1.0720607155402364, -0.3771601639502574]","[0.9983115393108354, 0.11597734480896142, 0.0]","[12.080022229317262, 9.083080528379579, -8.172162148394584]","[-0.02904337479886892, 0.9932518590423394, 0.0]","[-0.6732110158688979, -0.4266958076673762, 0.6034078911465062, 0.02483007720444132]","[[0.22090589680041736, -0.5125594401115883, -0.8297490012716489], [-0.5849542936857144, 0.6111285872902061, -0.5332450882055306], [0.7804031388054835, 0.6031622253997446, -0.16482193662670414]]","[-7.2430188193073874, 11.6805928518578, 0.7980695806861732]",[140.14282418083528],"[0.8684236296609482, 0.2941283042596596, -0.39916029371649847, 0.0]",[0.5],"[4, 0, 0]","[149.67677638703015, 221.95816915065177, 119.26186474279979, 232.9181520547143]"
38,0.1950000000000001,"[1.5506194608053152, 1.1174761181821342, -0.4180209746922303]","[0.9982190652782118, 0.11909716009486979, 0.0]","[11.48746708166866, 8.6960098309224, -8.28684907985411]","[-0.029827410695085363, 0.9928826045698137, 0.0]","[-0.6981939607707782, -0.41378177042542846, 0.5838051695696297, 0.0219399997854866]","[[0.2705647683362956, -0.4815114719334432, -0.8336314584584823], [-0.5483749979290636, 0.6346283099702142, -0.5445473072476346], [0.7912518990697128, 0.6044779653393821, -0.09234079075757629]]","[-6.789349455299845, 10.936690566812752, 0.6741150834750573]",[142.1623768240057],"[0.8750783977592808, 0.2881767560215591, -0.38883409709533046, 0.0]",[0.5],"[4, 0, 0]","[154.1615823732916, 220.8315184418954, 127.7762522121646, 230.8749730426159]"
39,0.2000000000000001,"[1.6080567962136585, 1.1609561673367461, -0.45945522009150086]","[0.9981241282392745, 0.1222157999398895, 0.0]","[10.891771973000333, 8.301310781195747, -8.353116895035757]","[-0.030611372995130975, 0.9925035507468237, 0.0]","[-0.7208422475723645, -0.40133871907377894, 0.5647471163965117, 0.01934893301619917]","[[0.3173803207863778, -0.45249912259699987, -0.8333752312292955], [-0.5137726239951556, 0.6566065657460219, -0.5521824957859023], [0.7970617434118068, 0.6034172369663968, -0.024087659105251902]]","[-6.375566862469702, 10.257715801503435, 0.5620770191771745]",[142.9596384307293],"[0.8814725803146074, 0.2822152338429737, -0.3786299670396728, 0.0]",[0.5],"[4, 0, 0]","[158.52452616864542, 218.34778377800626, 135.4262815848548, 227.625966464875]"
40,0.2050000000000001,"[1.6625156560786603, 1.2024627212427248, -0.5012208045666796]","[0.9980267284282716, 0.1253332335643043, 0.0]","[10.299565066335012, 7.9039339183460315, -8.373634340944765]","[-0.0313952597646567, 0.9921147013144779, 0.0]","[-0.7414102610803259, -0.38937404958915683, 0.5462676936030426, 0.017037640592407893]","[[0.3613726266259193, -0.42541471186332436, -0.8297181133708778], [-0.4812048253174209, 0.6771057027267061, -0.5567493003374178], [0.7986562094022149, 0.6004583168424087, 0.03997585418808669]]","[-5.9972244270991, 9.635962852636863, 0.46259302126246094]",[142.7489401814733],"[0.8875800304713177, 0.276284495480428, -0.36860353642587307, 0.0]",[0.5],"[4, 0, 0]","[162.35916989921452, 215.01400560859867, 141.9259333655984, 223.6390998049324]"
41,0.2100000000000001,"[1.7140134814103354, 1.241982390834455, -0.5430889762714034]","[0.997926866085527, 0.12844943020030292, 0.0]","[9.716212101914284, 7.508016447292876, -8.35185670558614]","[-0.032179069069499876, 0.9917160601105629, 0.0]","[-0.760120972592453, -0.3778843841095493, 0.5283890296669604, 0.014984411862256934]","[[0.4026026514573126, -0.4001411649162712, -0.8232849768937798], [-0.45066869115551084, 0.6961951366191697, -0.5587576062658968], [0.796748916442138, 0.5959860567893058, 0.0999589128643063]]","[-5.650420348544638, 9.064916980436692, 0.3754384274741286]",[141.71349673394857],"[0.8933882319563478, 0.27041530829886157, -0.3587938517304086, 0.0]",[0.5],"[4, 0, 0]","[165.49706740890144, 211.16031353987037, 147.2372935059075, 219.21842714471106]"
42,0.2150000000000001,"[1.7625945419199067, 1.2795224730709194, -0.5848482597993341]","[0.9978245414574415, 0.13156435909228256, 0.0]","[9.145951861433767, 7.1169423859150545, -8.291687727844085]","[-0.03296279897568894, 0.9913076310695066, 0.0]","[-0.7771701551726604, -0.3668595672853292, 0.5111235161098507, 0.013166589521481186]","[[0.4411610014575005, -0.3765599946549543, -0.8146039167708908], [-0.4221198575288128, 0.713957719294578, -0.5586404934656455], [0.7919544157796398, 0.5903108888417576, 0.15601685114750913]]","[-5.331759893283433, 8.53904559492491, 0.2999024310888921]",[140.00920661934495],"[0.898894291691637, 0.2646304449628459, -0.3492274043699268, 0.0]",[0.5],"[4, 0, 0]","[167.8977636368054, 207.00482826901592, 151.42967073570082, 214.56375155020203]"
43,0.2200000000000001,"[1.8083243012270755, 1.3151071850004947, -0.6263066984385545]","[0.9977197547964906, 0.13467798949715265, 0.0]","[8.592040529391161, 6.733419622970534, -8.197228941153401]","[-0.03374644754944828, 0.9908894182223387, 0.0]","[-0.7927300741988962, -0.3562852962884017, 0.4944756271136076, 0.011561630503655062]","[[0.477158784399752, -0.3545557430558231, -0.8041204633239253], [-0.3954864647418402, 0.7304813976231878, -0.5567651066046395], [0.7847993059860287, 0.5836841207302179, 0.20833361834144842]]","[-5.038301056606028, 8.053625927133917, 0.23502573028959034]",[137.7682467507292],"[0.9041019945823395, 0.2589463019850689, -0.3399211615661678, 0.0]",[0.5],"[4, 0, 0]","[169.5864747753327, 202.6927603645675, 154.61363377404533, 209.80691950215092]"
44,0.22500000000000012,"[1.8512845038740313, 1.3487742831153473, -0.6672928431443215]","[0.9976125063612252, 0.13779029068463813, 0.0]","[8.056893483371228, 6.359562905293546, -8.072598610593376]","[-0.03453001285720291, 0.9904614256966512, 0.0]","[-0.806952671826388, -0.3461448461164324, 0.4784434688813806, 0.010147808829325288]","[[0.5107203657814031, -0.3340182862130845, -0.7922098790417753], [-0.37067929504117525, 0.7458542326975658, -0.5534422497378595], [0.7757329232434882, 0.5763100277128621, 0.2571092836785809]]","[-4.767496700289778, 7.604604310786404, 0.17974865478486757]",[135.10234097742526],"[0.9090196521444269, 0.2533742022943987, -0.33088485251957694, 0.0]",[0.5],"[4, 0, 0]","[170.61963218810294, 198.32094670222156, 156.91030152456023, 205.034732335836]"
45,0.23000000000000012,"[1.8915689712908874, 1.380572097641815, -0.7076558361972883]","[0.99750279641627, 0.14090123193758272, 0.0]","[7.542217945705495, 5.99697598358964, -7.921804984979222]","[-0.03531349296558335, 0.9900236577165575, 0.0]","[-0.81997229382187, -0.3364201958008418, 0.46302008205392087, 0.008904652525745039]","[[0.5419777381214298, -0.3148438789267003, -0.7791876945147224], [-0.34759908471873013, 0.7601615349659896, -0.5489347111094831], [0.7651372476121393, 0.5683553225408731, 0.30255118518356544]]","[-4.517139465769155, 7.188481823131281, 0.1330013571980085]",[132.10566370308834],"[0.9136585386247809, 0.24792143951499726, -0.3221227011976047, 0.0]",[0.5],"[4, 0, 0]","[171.0661163576537, 193.95371084752762, 158.43734183941322, 200.3038049981392]"
46,0.23500000000000013,"[1.929280061019415, 1.4105569775597633, -0.7472648611221845]","[0.9973906252323237, 0.14401078255225222, 0.0]","[7.049133133130268, 5.646828975786585, -7.748661233006648]","[-0.03609688594143031, 0.9895761186026509, 0.0]","[-0.8319080165262718, -0.3270927581423846, 0.44819452662579723, 0.007813188389468862]","[[0.5710662215563522, -0.2969354766141602, -0.7653186874271876], [-0.3261417500430477, 0.7734843180414381, -0.5434644133913739], [0.7533358676421891, 0.5599565451639023, 0.3448677109442072]]","[-4.2853121489119115, 6.802221449013953, 0.09375660472644586]",[128.85738207513435],"[0.9180317596363946, 0.24259211398005617, -0.3136347470124961, 0.0]",[0.5],"[4, 0, 0]","[170.9972319379027, 189.63333829641533, 159.30301186497266, 195.65039269578565]"
47,0.24000000000000013,"[1.9645257266850662, 1.4387911224386962, -0.7860081672872177]","[0.9972759930861571, 0.14711891183863746, 0.0]","[6.578276585786452, 5.309928871716199, -7.556731868103455]","[-0.03688018985179951, 0.9891188127719618, 0.0]","[-0.8428656310323253, -0.3181438474613914, 0.433952779578647, 0.006856051553874876]","[[0.5981212407797364, -0.2802026596850466, -0.7508245140067914], [-0.3062020759083632, 0.7858985633159963, -0.537218518749365], [0.7406019646460017, 0.5512258318359897, 0.38426398774697]]","[-4.070344351540288, 6.443172623613814, 0.06105858799408888]",[125.42386098479392],"[0.9221534383843248, 0.2373878020453101, -0.30541785723179943, 0.0]",[0.5],"[4, 0, 0]","[170.48154528175345, 185.3871040576582, 159.60410091113937, 191.0969814638662]"
48,0.24500000000000013,"[1.9974171096139985, 1.4653407667972773, -0.823791826627735]","[0.9971589002606139, 0.15022558912075715, 0.0]","[6.12989661957263, 4.986782303973791, -7.349302576197419]","[-0.03766340276396638, 0.988651744737914, 0.0]","[-0.8529393366097834, -0.30955497466860765, 0.4202784736135159, 0.006017502694114006]","[[0.6232759593061138, -0.2645613533847379, -0.7358901880350625], [-0.28767627426212555, 0.7974749737591071, -0.530354624241718], [0.7271653455560888, 0.542255434756672, 0.4209389548368584]]","[-3.8707752986367083, 6.109009733133076, 0.03403653273009453]",[121.8605638460989],"[0.9260381348103067, 0.23230809243941555, -0.2974665074663162, 0.0]",[0.5],"[4, 0, 0]","[169.58242392986696, 181.2320407792345, 159.4257494921123, 186.65675217907847]"
49,0.2500000000000001,"[2.0280665927118617, 1.4902746783171463, -0.860538339508722]","[0.997039347044609, 0.1533307837369607, 0.0]","[5.7039315877288255, 4.677650460046111, -7.129367122765834]","[-0.03844652274543094, 0.9881749191102804, 0.0]","[-0.8622131888443793, -0.301308028951961, 0.40715350240559367, 0.005283384402945405]","[[0.6466595885568392, -0.24993345499445563, -0.7206695807386586], [-0.27046371401831637, 0.8082790146384882, -0.5230051757817061], [0.7132185891624797, 0.5331212831706958, 0.455083444550022]]","[-3.685322290644117, 5.7976818078656995, 0.011908865204070272]",[118.21368439256364],"[0.9297004354449627, 0.22735101667841787, -0.28977338654323764, 0.0]",[0.5],"[4, 0, 0]","[168.35706781636688, 177.17819984109497, 158.84213241785375, 182.33662434863956]"
50,0.2550000000000001,"[2.056586250650506, 1.5136629306173768, -0.8961851751225512]","[0.996917333733128, 0.15643446504023092, 0.0]","[5.300077037611319, 4.382596458645717, -6.899626452711598]","[-0.039229547863922486, 0.9876883405951378, 0.0]","[-0.8707623412850053, -0.29338538541690234, 0.39455851451435514, 0.004641039523348231]","[[0.668396222656218, -0.23624643115352548, -0.7052900915978632], [-0.2544680460093423, 0.8183711150766699, -0.5152812160057411], [0.6989223870352751, 0.5238858098625984, 0.48687899433588494]]","[-3.5128541074747144, 5.507371196461102, -0.006018315654186382]",[114.5215436679557],"[0.9331546682839696, 0.22251339504534495, -0.28232986750471295, 0.0]",[0.5],"[4, 0, 0]","[166.85634949479697, 173.23089392029354, 157.91749508108293, 178.13933995644538]"
51,0.2600000000000001,"[2.0830866358385625, 1.5355759129106055, -0.9306833073861093]","[0.9967928606272266, 0.15953660239848638, 0.0]","[4.917842028608157, 4.101525761063058, -6.662496249000073]","[-0.040012476187404375, 0.9871920139948192, 0.0]","[-0.8786541132512613, -0.2857699647364648, 0.38247331486846153, 0.00407920760565644]","[[0.6886040787527364, -0.2234329188179352, -0.6898566180834925], [-0.23959788858332298, 0.8278069527518369, -0.5072755668885817], [0.684410165406322, 0.5146002135291204, 0.5164971884960023]]","[-3.352368663603885, 5.236459462933448, -0.02035602552355289]",[110.81578373925257],"[0.9364147091162246, 0.21779111518517252, -0.27512637586602906, 0.0]",[0.5],"[4, 0, 0]","[165.12507643837927, 169.39224435944465, 156.70728615321005, 174.06489274933674]"
52,0.2650000000000001,"[2.1076758459816034, 1.5560835417159207, -0.9639957886311097]","[0.9966659280340299, 0.16263716519488366, 0.0]","[4.5565959191190055, 3.834220306335876, -6.420120128196165]","[-0.04079530578407879, 0.986685944207868, 0.0]","[-0.8859489110754497, -0.27844526202708925, 0.37087718980200124, 0.0035879107375418767]","[[0.7073950469576813, -0.2114303463221664, -0.6744549326632794], [-0.22576719648822985, 0.8366377746396593, -0.4990655338087814], [0.6697920726087947, 0.5053062860286696, 0.5440993813361008]]","[-3.202974260704855, 4.983499110489019, -0.031638878878242294]",[107.1223863876768],"[0.9394938545980711, 0.21317935682587308, -0.2681526785168578, 0.0]",[0.5],"[4, 0, 0]","[163.20245613900903, 165.66225053330714, 155.25926112590153, 170.11150837245117]"
