,t,p,p_d,v,v_d,q,R,w,T_sp,q_sp,hover_throttle,fa,pwm
0,0.005,"[0.0, 0.0, 0.0]","[1.0, 0.0, 0.0]","[0.0, 0.0, 0.6906388941188213]","[-0.0, 1.0, 0.0]","[1.0, 0.0, 0.0, 0.0]","[[1.0, 0.0, 0.0], [0.0, 1.0, 0.0], [0.0, 0.0, 1.0]]","[-5.746510723990935, 9.047267158385493, 0.06601512868789117]",[9.81],"[0.85478158670821, -0.2750630361995467, 0.44010085791927467, 0.0]",[0.5],"[6, 0, 0]","[0.0, 239.71880869032648, 300.7867543357834, 0.0]"
1,0.01,"[0.0, 0.0, 0.0034531944705941064]","[0.9999987662997035, 0.0031415874858795635, 0.0]","[0.0, 0.0, 1.17661490915749]","[-0.0007853978404154395, 0.9999950652018582, 0.0]","[0.9996411938722675, -0.014361122101825217, 0.022610052358724576, 0.00016497860513798725]","[[1.0, 0.0, 0.0], [0.0, 1.0, 0.0], [0.0, 0.0, 1.0]]","[-10.278546423306569, 15.215751759843233, 0.0987441067307333]",[2.903611058811787],"[0.7589538915822438, -0.3460053115270743, 0.5516061229239756, 0.0]",[0.5],"[6, 0, 0]","[0.0, 212.88578391512274, 248.36434127019402, 0.0]"
2,0.015,"[0.0, 0.0, 0.009336269016381557]","[0.9999950652018582, 0.006283143965558951, 0.0]","[0.01638239850888018, 0.01040932697364866, 1.4894941597863125]","[-0.0015707937429397818, 0.9999802608561371, 0.0]","[0.9973617058470076, -0.04000683012407267, 0.06057129970140408, 0.0004459886251040229]","[[0.9989775166287913, -0.0009792502649116478, 0.045199140910994674], [-0.0003195726256975719, 0.9995874619080728, 0.028719398836228413], [-0.04520861802256498, -0.028704478136627458, 0.9985650874086246]]","[-13.486238904220102, 19.257045953760578, 0.11541614099080967]",[0.0],"[0.6690239137091192, -0.39596580401460885, 0.6289817842643755, 0.0]",[0.5],"[6, 0, 0]","[0.0, 179.10032051656222, 201.02970412148912, 0.0]"
3,0.02,"[8.19119925444009e-05, 5.20466348682433e-05, 0.01678373981531312]","[0.999988896715596, 0.009424638433144006, 0.0]","[0.04240435573004491, 0.027613326601671796, 1.6536099030351394]","[-0.0023561857696867113, 0.9999555871089498, 0.0]","[0.9913857496215425, -0.0735106064620627, 0.10839633890342677, 0.0008484675866656055]","[[0.9926618374932582, -0.005736155346940953, 0.12078730440880182], [-0.003956907443252514, 0.99679850927514, 0.07985658889750231], [-0.12085867477344904, -0.07974853245480394, 0.9894611423918128]]","[-15.227889907938087, 21.82411884259574, 0.13192457869315324]",[0.0],"[0.6054658885249603, -0.4250768144542395, 0.6728452716978224, 0.0]",[0.5],"[6, 0, 0]","[0.0, 131.9716258791254, 160.22087532013933, 0.0]"
4,0.025,"[0.00029393377119462543, 0.00019011326787660228, 0.025051789330488818]","[0.9999802608561371, 0.012566039883352607, 0.0]","[0.06262949882512073, 0.04135459631258221, 1.6954874499500192]","[-0.0031415719827794755, 0.9999210442038161, 0.0]","[0.9805052255760833, -0.11101750766069145, 0.1621201884802739, 0.001288447873515328]","[[0.9764990276301758, -0.01761887857098849, 0.21480042866629065], [-0.01425424387324424, 0.9891909416806685, 0.14593867694519802], [-0.2150499141337274, -0.1455707938249069, 0.9656928488998265]]","[-15.592640230368076, 23.342525199196142, 0.15499769937656116]",[0.0],"[0.5697192645314869, -0.4398538945832726, 0.6942251155364728, 0.0]",[0.5],"[6, 0, 0]","[0.0, 60.39456287034364, 123.22363233570103, 0.0]"
5,0.030000000000000002,"[0.0006070812653202291, 0.00039688624943951336, 0.033529226580238915]","[0.9999691576447897, 0.015707317311820675, 0.0]","[0.07217873587051682, 0.04791222184488243, 1.6741797744189741]","[-0.003926950444355667, 0.9998766324816606, 0.0]","[0.964344484102743, -0.14888534632741363, 0.21879351486424375, 0.0015058163667362476]","[[0.9474307687783955, -0.03852301827885144, 0.31763330340923945], [-0.03346969878739476, 0.9753469057897712, 0.21812425960768428], [-0.318205464495913, -0.217288725959279, 0.9227843149598577]]","[-15.516273060480023, 23.867432325353352, 0.1639684985019439]",[0.16995958691130414],"[0.5580797572915946, -0.44497801255312636, 0.7003867166399037, 0.0]",[0.5],"[6, 0, 0]","[0.0, 0.0, 72.45047454345682, 27.634610525218932]"
6,0.035,"[0.0009679749446728132, 0.0006364473586639255, 0.041900125452333785]","[0.9999555871089498, 0.018848439715408175, 0.0]","[0.11213120217149493, 0.07519058100214361, 1.7066319670830623]","[-0.004712319216572003, 0.999822352380809, 0.0]","[0.9431278439333273, -0.18582306564893755, 0.2756399937876412, 0.0015006982552508694]","[[0.9042542607408391, -0.06805454788417759, 0.421536250451036], [-0.06224604505484265, 0.9556617723320715, 0.2878124507003726], [-0.4224330264161041, -0.2864945992778993, 0.859925103004632]]","[-14.999199450671853, 22.488941021907692, 0.18119685237469368]",[2.9613786706283953],"[0.5597301345522087, -0.44539341511176855, 0.6988038939854601, 0.0]",[0.5],"[6, 0, 0]","[117.40916929463638, 0.0, 0.0, 71.90783057554788]"
7,0.04,"[0.0015286309555302877, 0.0010124002636746436, 0.0504332852877491]","[0.9999395492821014, 0.02198937609250511, 0.0]","[0.1708661724381634, 0.1149229184657644, 1.7456765173543312]","[-0.0054976763616091115, 0.999758204436984, 0.0]","[0.9185667661312843, -0.22064468569421372, 0.3279447122410399, 0.001812331966800293]","[[0.8480406834589918, -0.1052712379418857, 0.5193697773846581], [-0.09960983670240867, 0.9309350723551548, 0.3513371194326361], [-0.5204852347862771, -0.3496825096016183, 0.7789847641951596]]","[-14.203143115376072, 21.023218839306853, 0.1945901693207945]",[5.038058220454516],"[0.5476316869714558, -0.45031418660054257, 0.7052068269458891, 0.0]",[0.5],"[6, 0, 0]","[121.06701378165896, 0.0, 0.0, 89.2219891784408]"
8,0.045,"[0.0023829618177211047, 0.0015870148560034657, 0.05916166787452075]","[0.9999210442038161, 0.02513009544333748, 0.0]","[0.23981154727085485, 0.16150796773261256, 1.7754102132731955]","[-0.006283019941676304, 0.9996841892832999, 0.0]","[0.8917030954609456, -0.252688916261014, 0.3755111177073786, 0.002302525213092934]","[[0.7848979623319675, -0.1480480117428074, 0.6016784647518367], [-0.14138902008720705, 0.9026252762554877, 0.4065424401750502], [-0.6032779904205896, -0.40416506143369996, 0.6875363767760866]]","[-13.44037991662256, 19.494213963524807, 0.209915002861365]",[6.64211671448153],"[0.5314843329450086, -0.4563598795173106, 0.7136245961294673, 0.0]",[0.5],"[6, 0, 0]","[123.65293671328824, 0.0, 0.0, 87.33631539935224]"
9,0.049999999999999996,"[0.003582019554075379, 0.0023945546946665284, 0.06803871894088673]","[0.9999000719197535, 0.028270566770273252, 0.0]","[0.31698169775427343, 0.21372730220204136, 1.794498185515061]","[-0.007068348019016367, 0.9996003076502565, 0.0]","[0.8633990174477063, -0.2820723163316858, 0.41829168553208, 0.003067709951072536]","[[0.7179721977115967, -0.1938813324746629, 0.6685252068778181], [-0.18566865703509552, 0.8722860199529548, 0.45237622526987176], [-0.6708524972808586, -0.4489177300046, 0.590279424153979]]","[-12.735637424298252, 18.060268213101796, 0.22789867086761373]",[7.902931586225856],"[0.514864024655999, -0.4622551327820243, 0.7219662238163915, 0.0]",[0.5],"[6, 0, 0]","[123.24511436685358, 0.0, 29.15305663337406, 83.94894235928811]"
10,0.05499999999999999,"[0.0051669280428467464, 0.003463191205676735, 0.07701120986846204]","[0.9998766324816606, 0.03141075907812829, 0.0]","[0.4090661132359461, 0.2763009444728787, 1.8081861992296782]","[-0.007853658655910338, 0.9995065603657316, 0.0]","[0.8342578204258879, -0.3089910880750013, 0.4566413181056997, 0.004135595140115915]","[[0.6500453099407751, -0.24127432479577907, 0.7205746284864205], [-0.23067969376549677, 0.8408515950298671, 0.48964831667226777], [-0.7240358926933517, -0.4845155264076371, 0.4909345483480177]]","[-12.125568880887062, 16.9429481062105, 0.2546131413344865]",[8.823675860278716],"[0.4979265910232983, -0.4679100914721507, 0.7301570079444836, 0.0]",[0.5],"[6, 0, 0]","[123.75605386497507, 0.0, 64.36116685795605, 78.10688467806087]"
11,0.05999999999999999,"[0.007212258609026477, 0.004844695928041129, 0.08605214086461042]","[0.9998507259473718, 0.034550641374472266, 0.0]","[0.5158383607748557, 0.3493237311210655, 1.814255704512045]","[-0.008638949914682283, 0.9994029483549729, 0.0]","[0.8044556306945339, -0.3337127647627761, 0.4913833730971347, 0.005413826920585582]","[[0.5829232069030524, -0.28909650065847986, 0.7593574574341669], [-0.2752958903074519, 0.8090148086861276, 0.5193334305688164], [-0.7644689056028954, -0.5117794961050801, 0.39200642817783193]]","[-11.665947249458057, 16.0280592676455, 0.29247174691894434]",[9.309721792396608],"[0.4779552910107163, -0.4739076376556648, 0.7395743983984902, 0.0]",[0.5],"[6, 0, 0]","[127.81707141882303, 0.0, 84.78393338619347, 67.7954003918412]"
12,0.06499999999999999,"[0.009791450412900755, 0.006591314583646457, 0.09512341938717064]","[0.999822352380809, 0.037690182669934534, 0.0]","[0.6384715022731067, 0.43381894436856666, 1.811074586458277]","[-0.009424219857704086, 0.9992894726405892, 0.0]","[0.7740789064915016, -0.35659448916949377, 0.5230620199563913, 0.006952704366533363]","[[0.5170261422435123, -0.33667217508914854, 0.7869789163360944], [-0.31925144088966567, 0.7772129622249162, 0.5422347543633141], [-0.7942055689345574, -0.5315936962289085, 0.2943563425561325]]","[-11.398374388908357, 15.322592987076975, 0.34409992622901664]",[9.39619872828942],"[0.4542831297032011, -0.4800747086428441, 0.7504366143709628, 0.0]",[0.5],"[6, 0, 0]","[133.31256704868153, 0.0, 103.52573461426856, 51.72744537957592]"
13,0.06999999999999999,"[0.012983807924266288, 0.00876040930548929, 0.10417879231946203]","[0.9997915118519811, 0.04082935197850999, 0.0]","[0.7839402139570231, 0.5349170389384366, 1.7979013999314635]","[-0.010209466547400226, 0.9991661343425401, 0.0]","[0.7430281419819879, -0.378038216195437, 0.5521937141271969, 0.008853778683625552]","[[0.4527155663622624, -0.38380595120703564, 0.8048239607462981], [-0.3622781840342163, 0.7455840603918787, 0.559337935654672], [-0.8147411449940201, -0.5447911532941977, 0.19849298714617475]]","[-11.398374388908357, 14.872014503369202, 0.4163983262662253]",[9.093216078909673],"[0.42531874451930896, -0.48622122609632396, 0.7633432287339073, 0.0]",[0.5],"[6, 0, 0]","[142.57451535194156, 0.0, 125.78436942149568, 0.0]"
14,0.075,"[0.016903508994051405, 0.011434994500181473, 0.11316829931911936]","[0.999758204436984, 0.0439681183178649, 0.0]","[0.9930380092747607, 0.6817572597542259, 1.7756569274844143]","[-0.010994688046252553, 0.9990329346781247, 0.0]","[0.7109358034495878, -0.3985286146281316, 0.579325173747749, 0.0112946783137747]","[[0.39000742536286603, -0.4306578668155852, 0.813896805443834], [-0.4043434399163291, 0.7140174353975869, 0.571564068626504], [-0.827285072244422, -0.5520080648850183, 0.10433841834836738]]","[-11.398374388908357, 14.82631351467135, 0.5191621134781498]",[8.337670156673655],"[0.3864227770621632, -0.49195996409155, 0.7801620543826817, 0.0]",[0.5],"[6, 0, 0]","[160.99519168742378, 0.0, 159.56955179322838, 0.0]"
15,0.08,"[0.02186869904042521, 0.014843780798952603, 0.12204658395654143]","[0.9997224302180006, 0.04710645070964266, 0.0]","[1.4109025533358448, 0.9791024141576121, 1.7323074943904566]","[-0.011779882416805075, 0.99888987496197, 0.0]","[0.6773510830148719, -0.41799718228492394, 0.6052103565225955, 0.013938805480994495]","[[0.3285095466078577, -0.47781490022920015, 0.8147235107117379], [-0.44569573542236796, 0.6820947471287411, 0.5797431046297088], [-0.832728520715974, -0.5535699387234989, 0.01111457276944533]]","[-11.398374388908357, 15.961567341474943, 0.7243186057443616]",[6.6535666611978845],"[0.31498732902720816, -0.49447863369244216, 0.8101073159612626, 0.0]",[0.5],"[6, 0, 0]","[213.5716599470421, 0.0, 238.67423866134132, 0.0]"
16,0.085,"[0.028923211807104436, 0.019739292869740663, 0.13070812142849372]","[0.9996841892832999, 0.050244318179769556, 0.0]","[4.8552958407752556, 3.464222427084123, 1.3337905156105536]","[-0.01256504772166874, 0.9987369566060175, 0.0]","[0.6404937877657656, -0.43623440788189893, 0.631838870668254, 0.015712756793667827]","[[0.26705226811911165, -0.5248353774091687, 0.8082270180538468], [-0.48706951745522775, 0.6501681306072541, 0.5831335071050197], [-0.8315325437157403, -0.5493898693664125, -0.08200244008068619]]","[-11.398374388908357, 23.355278456933586, 2.4289848495100133]",[2.2845809881268178],"[0.09260322280099888, -0.3344106328370004, 0.937866819848333, 0.0]",[0.5],"[6, 0, 0]","[623.857359789976, 0.0, 680.540312192236, 0.0]"
17,0.09000000000000001,"[0.05319969101098071, 0.03706040500516128, 0.1373770740065465]","[0.999643481727238, 0.05338168975876048, 0.0]","[6.210992646215011, 4.450181117886614, 0.9796812303233577]","[-0.013350182023526206, 0.9985741811195098, 0.0]","[0.5898211157512109, -0.4506081572764043, 0.6700124485769586, 0.01211027505337218]","[[0.201065501573217, -0.5713875574755041, 0.7956688527517514], [-0.5311318650154297, 0.6189053013077441, 0.5786667175312588], [-0.8230866333760632, -0.5389549955008748, -0.179041634214811]]","[-22.579521531222, 23.355278456933586, 1.7474466438853011]",[0.0],"[0.6643867784531868, 0.4435814988507979, -0.6015194614423339, 0.0]",[0.5],"[6, 0, 0]","[0.0, 475.6997867539424, 0.0, 338.34718218807416]"
18,0.09500000000000001,"[0.08425465424205576, 0.05931131059459435, 0.1422754801581633]","[0.9996003076502565, 0.05651853448202453, 0.0]","[7.3572377991441105, 5.255731755590406, 0.48368533326952406]","[-0.014135283385136626, 0.998401550108975, 0.0]","[0.5234826055169874, -0.4800976813449809, 0.7034133518388874, 0.026111961686182454]","[[0.10187331998008001, -0.618111941499098, 0.7794610025219042], [-0.5895403577229618, 0.5936112596681898, 0.5477844822656325], [-0.801288957425546, -0.515328342099831, -0.3039287853042567]]","[-22.29830851890898, 23.355278456933586, 1.1592221404294594]",[0.0],"[0.6987700004390869, 0.42313045567151486, -0.5767851454134153, 0.0]",[0.5],"[6, 0, 0]","[0.0, 381.641272404329, 0.0, 385.3079170293876]"
19,0.10000000000000002,"[0.12104084323777631, 0.08558996937254638, 0.14469390682451092]","[0.9995546671588833, 0.059654821390170705, 0.0]","[7.845746000814782, 5.626128798402851, 0.12522643599740524]","[-0.014920349869340445, 0.9982190652782118, 0.0]","[0.45409336975604403, -0.5071139101321873, 0.7315314717841277, 0.038683323065536464]","[[0.009055643823361659, -0.7027525539671874, 0.7113767238303063], [-0.6480759230126173, 0.5376487636481451, 0.5393805752518025], [-0.761521892873927, -0.4659105652807377, -0.45056825435609077]]","[-21.81480756590718, 23.355278456933586, 0.8845388761020188]",[0.0],"[0.7242153204546606, 0.40544058512389025, -0.5577903742026663, 0.0]",[0.5],"[6, 0, 0]","[0.0, 257.39718591478646, 0.0, 266.6239314969103]"
20,0.10500000000000002,"[0.1602695732418502, 0.11372061336456064, 0.14532003900449794]","[0.9995065603657316, 0.06279051952931337, 0.0]","[8.042756848831353, 5.789108730814679, -0.10806205624324125]","[-0.015705379539064146, 0.9980267284282716, 0.0]","[0.3824189735496508, -0.5308269313371566, 0.7546502458958522, 0.049814696684203595]","[[-0.07326938738808925, -0.777071251130788, 0.6251334797767643], [-0.7068078890340235, 0.4826781653341026, 0.5171502651154428], [-0.7036008846434476, -0.40395799209291167, -0.5846056241204163]]","[-21.345438700091126, 25.81444146155446, 0.8568453758976572]",[0.0],"[0.7381306641345335, 0.3973022277742519, -0.545265130436496, 0.0]",[0.5],"[6, 0, 0]","[0.0, 129.8935939340908, 156.81718670543967, 146.85378579823885]"
21,0.11000000000000003,"[0.20048335748600699, 0.14266615701863403, 0.14477972872328174]","[0.9994559873895001, 0.06592559795137787, 0.0]","[8.14776762459381, 5.88548364299338, -0.297824001887103]","[-0.016490370457325067, 0.9978245414574415, 0.0]","[0.3042177360593603, -0.5509029721157114, 0.7750941466351863, 0.05644951933245696]","[[-0.14395699527281844, -0.8392775188707725, 0.5242991796962327], [-0.7630771781761311, 0.43148252992287706, 0.4811819266328559], [-0.6300711100017008, -0.33081123422500974, -0.7025484493269848]]","[-21.345438700091126, 29.820199236086836, 0.9369605313883052]",[0.0],"[0.7464362523153323, 0.39270164106029254, -0.5372321121619544, 0.0]",[0.5],"[6, 0, 0]","[0.0, 0.0, 200.14389260060815, 0.0]"
22,0.11500000000000003,"[0.24122219560897604, 0.17209357523360092, 0.14329060871384622]","[0.9994029483549729, 0.06906002571440581, 0.0]","[8.248231934079914, 5.989211199685199, -0.5452832307646948]","[-0.01727532068723614, 0.9976125063612252, 0.0]","[0.21599722242603836, -0.5671497468312302, 0.7927250174639262, 0.05721373314446357]","[[-0.20791496876198612, -0.8883492280475485, 0.4093983570949287], [-0.819657448155712, 0.38663873416242056, 0.4226962939607436], [-0.5337911889939441, -0.24768152590091486, -0.8085300416681038]]","[-21.345438700091126, 30.681245774261217, 1.035118531043209]",[0.0],"[0.7529753750760442, 0.38912841316694996, -0.5306667151756006, 0.0]",[0.5],"[6, 0, 0]","[142.24720462228396, 0.0, 169.83737104829945, 0.0]"
23,0.12000000000000004,"[0.2824633552793756, 0.20203963123202692, 0.14056419256002275]","[0.9993474433930183, 0.07219377188286062, 0.0]","[8.308837468265528, 6.062516197288979, -0.7908839119024808]","[-0.01806022829201071, 0.9973906252323237, 0.0]","[0.12423793806316681, -0.5784913401302108, 0.804201405580055, 0.05632764333104746]","[[-0.263372729147016, -0.923903600810554, 0.27755529530337747], [-0.8744715710352392, 0.35013550681789124, 0.33571505524259576], [-0.4073503123759858, -0.15429602481811056, -0.9001435772878214]]","[-21.345438700091126, 29.52961705782887, 1.1224604556415068]",[0.0],"[0.7612818952027062, 0.3847158164764841, -0.5219613171389313, 0.0]",[0.5],"[6, 0, 0]","[166.11328884750924, 0.0, 126.79644146194542, 0.0]"
24,0.12500000000000003,"[0.32400754262070325, 0.23235221221847183, 0.13660977300051036]","[0.9992894726405892, 0.07532680552793275, 0.0]","[8.330737314228665, 6.1006283991331465, -0.9965185088977659]","[-0.018845091334967277, 0.9971589002606139, 0.0]","[0.033700436001107587, -0.5846000582721516, 0.8086394920931615, 0.056650015965099706]","[[-0.2998254082803311, -0.9444431582240236, 0.1346545410796247], [-0.9164510371703962, 0.32434993198224626, 0.23433868245003164], [-0.26499475658744137, -0.053143602690670214, -0.9627842626851659]]","[-21.345438700091126, 28.15638236947492, 1.1875153606972155]",[0.0],"[0.7693518418081069, 0.38019170774894023, -0.5133731672627797, 0.0]",[0.5],"[6, 0, 0]","[152.08517253728897, 0.0, 96.94097597072899, 0.0]"
25,0.13000000000000003,"[0.36566122919184657, 0.2628553542141376, 0.13162718045602154]","[0.9992290362407229, 0.07845909572784497, 0.0]","[8.32872868418904, 6.1230601361276005, -1.2152873636796089]","[-0.019629907879534312, 0.996917333733128, 0.0]","[-0.054373063464479655, -0.5857022841336524, 0.8065800820202289, 0.05852329124673947]","[[-0.3142141049630646, -0.9492796488726377, -0.011732198366123735], [-0.9416431279226635, 0.31006709511870195, 0.13102143397426427], [-0.12073821217113867, 0.052216326574086626, -0.9913101126089784]]","[-20.930714112850172, 26.63585539622771, 1.239409025623286]",[0.0],"[0.7760261243391974, 0.3761841446373671, -0.5062301291572212, 0.0]",[0.5],"[6, 0, 0]","[150.49808647939153, 0.0, 86.28096140798581, 64.39911391012711]"
26,0.13500000000000004,"[0.40730487261279175, 0.2934706548947756, 0.1255507436376235]","[0.9991661343425401, 0.08159061156815756, 0.0]","[8.297437208083903, 6.129210541011076, -1.462025465166623]","[-0.020414675989255, 0.9966659280340299, 0.0]","[-0.1384160389504371, -0.5821681658106249, 0.7988483935655551, 0.06133898414300269]","[[-0.30799280866021983, -0.9384674114936953, -0.1562669106942108], [-0.951195774010132, 0.3070557174845431, 0.030714587174798164], [0.019158009261273645, 0.1581002970407573, -0.987237188702274]]","[-20.376155735667776, 25.05202769475979, 1.297324200536348]",[0.0],"[0.7831140830337352, 0.37182222716053226, -0.49847824861633977, 0.0]",[0.5],"[6, 0, 0]","[158.65284151731132, 0.0, 96.60459154117827, 74.46867644737588]"
27,0.14000000000000004,"[0.44879205865321126, 0.32411670759983097, 0.11824061631179039]","[0.999100767101245, 0.08472132214207347, 0.0]","[8.227990595570015, 6.114217798093767, -1.737564394144639]","[-0.021199393727792056, 0.9964046856445924, 0.0]","[-0.2175937164589974, -0.5744958553580217, 0.786380350282302, 0.0649109499537681]","[[-0.2838424537559274, -0.913147609649011, -0.2925660685009659], [-0.9471088065222835, 0.3146355114819942, -0.0631617251379345], [0.14972765293609028, 0.2591639209202576, -0.9541570583711513]]","[-19.727571725250957, 23.470431871618022, 1.3663291201710352]",[2.112187440316824],"[0.791144102020542, 0.36682072097858187, -0.4894216673777975, 0.0]",[0.5],"[6, 0, 0]","[168.52931221738513, 0.0, 112.18810473952752, 80.53471365919282]"
28,0.14500000000000005,"[0.4899320116310613, 0.3546877965902998, 0.1095527943410672]","[0.9990329346781247, 0.0878511965507432, 0.0]","[8.099804861684742, 6.068724713533012, -2.0624438751060548]","[-0.021984059158932458, 0.9961336091431725, 0.0]","[-0.29143411335715935, -0.5632315372902357, 0.770110383740685, 0.06903904567836243]","[[-0.24521497346803303, -0.8752960742656949, -0.416804989368092], [-0.9317929336229925, 0.331482161505109, -0.14792398539168283], [0.26764070250492505, 0.35210276763888737, -0.8968790862673219]]","[-18.73424487756035, 21.940787894012523, 1.4496135121335887]",[14.190651950918166],"[0.8002081882537662, 0.36110755166516745, -0.4788195814521517, 0.0]",[0.5],"[6, 0, 0]","[182.85500298629745, 0.0, 134.68300687564064, 99.6657838824642]"
29,0.15000000000000005,"[0.530431035939485, 0.3850314201579649, 0.09924057496553693]","[0.9989626372405491, 0.09098020390356994, 0.0]","[7.913284968148548, 5.990115626938391, -2.4021237579435115]","[-0.022768670346592253, 0.9958527012051857, 0.0]","[-0.3593697603007012, -0.5491479002636678, 0.7509765404015181, 0.0729670801388426]","[[-0.19567278594680831, -0.8272602445062829, -0.5266428094061665], [-0.9077415767634749, 0.35600769114699754, -0.2219543954490307], [0.37110293808426686, 0.43462513929084823, -0.8205995354870947]]","[-17.473039188965444, 20.53850487405605, 1.540832380545407]",[24.705595820798457],"[0.8111294903995993, 0.3541574134606454, -0.4654476085392983, 0.0]",[0.5],"[6, 0, 0]","[190.0583085416457, 0.0, 148.65843550282187, 112.30341440022674]"
30,0.15500000000000005,"[0.5699974607802278, 0.4149819982926568, 0.08722995617581937]","[0.99888987496197, 0.09410831331851435, 0.0]","[7.68042333589583, 5.883018423601056, -2.7257931380556912]","[-0.02355322535482134, 0.99556196460308, 0.0]","[-0.4212396629645905, -0.5330895453835378, 0.729790388976942, 0.07601757102890558]","[[-0.1385799180348425, -0.7723500564188587, -0.6198959563243194], [-0.8772387048162104, 0.38622477770403296, -0.2851011677630388], [0.4596170809378546, 0.5042874293865122, -0.7310583611948566]]","[-15.9294386255797, 19.25764849203955, 1.6293468843817083]",[33.6386592931705],"[0.8228994583300036, 0.3465165558743139, -0.450291858670785, 0.0]",[0.5],"[6, 0, 0]","[190.39671921040699, 0.0, 153.10893790344696, 124.24172259694991]"
31,0.16000000000000006,"[0.608399577459707, 0.4443970904106621, 0.07360099048554092]","[0.9988146480219211, 0.09723549392239936, 0.0]","[7.421633038892741, 5.757259485971879, -3.0104556004466083]","[-0.024337722247808214, 0.9952614022063083, 0.0]","[-0.4769799166571157, -0.5159909142416391, 0.7072693302175693, 0.07754759866971568]","[[-0.07674536589650222, -0.7140440213707807, -0.6958816597368092], [-0.8421304853691928, 0.42007373099527645, -0.33816313539408194], [0.5337849702129689, 0.5600707063151513, -0.633556950480687]]","[-14.093660884840798, 18.074025765938405, 1.7046711232411271]",[41.12776883186682],"[0.8346066647765225, 0.33871792714085786, -0.43439829758415244, 0.0]",[0.5],"[6, 0, 0]","[184.1957166957335, 0.0, 148.63322235638796, 135.49087573482214]"
32,0.16500000000000006,"[0.6455077426541707, 0.4731833878405215, 0.058548712483307876]","[0.9987369566060175, 0.10036171485121492, 0.0]","[7.162022843092262, 5.625674861847085, -3.2428284702840338]","[-0.025122159089884785, 0.9949510169813002, 0.0]","[-0.5265804290765328, -0.4988520195210999, 0.6840554202606477, 0.07699283307765342]","[[-0.012487071051696774, -0.6559118023271898, -0.7547342450322811], [-0.8038663909289515, 0.4554794927212763, -0.3825405301993906], [0.59467881969296, 0.6019286828838333, -0.5329530580926634]]","[-11.973349478815987, 16.956838021519907, 1.7574489234429838]",[47.38230514245766],"[0.8455047602034964, 0.3312365414811885, -0.41881267180066184, 0.0]",[0.5],"[6, 0, 0]","[171.41162680133664, 0.0, 134.9446862921832, 145.61289111973608]"
33,0.17000000000000007,"[0.681317856869632, 0.5013117621497569, 0.04233457013188771]","[0.998656800905955, 0.10348694525042255, 0.0]","[6.927584307623566, 5.50215719493176, -3.419375887350535]","[-0.025906533945531125, 0.9946308119914323, 0.0]","[-0.570076957865626, -0.48269391080019897, 0.6607242172314794, 0.07390777598420653]","[[0.052280571333410464, -0.6013990175670604, -0.7972364539648363], [-0.7635706938784549, 0.49043753254879346, -0.42003669139424715], [0.643604332887083, 0.6307061505462156, -0.4335703107365024]]","[-9.597394951068793, 15.87404559219604, 1.7800363397591952]",[52.651470046727354],"[0.8550306304711494, 0.3244635399083456, -0.4045318679983746, 0.0]",[0.5],"[6, 0, 0]","[151.46150951449044, 0.0, 110.05755117741542, 154.14131593272432]"
34,0.17500000000000007,"[0.7159557784077498, 0.5288225481244158, 0.025237690695135036]","[0.9985741811195098, 0.10661115427525995, 0.0]","[6.691723843731437, 5.372689139549452, -3.565409603776435]","[-0.026690844879380247, 0.9943007903969989, 0.0]","[-0.6075493254354772, -0.468500391401471, 0.6377836273059477, 0.06799444947959309]","[[0.1159622988258342, -0.5535888725603447, -0.824676970351661], [-0.7221213529431073, 0.5230884582509558, -0.4526800376295097], [0.6819776366382142, 0.6480106673674473, -0.3390998055194834]]","[-8.23145540151433, 14.796340439167249, 1.7425726174483562]",[57.20069126983197],"[0.8628024376048209, 0.31869186861178994, -0.39243782506774855, 0.0]",[0.5],"[6, 0, 0]","[122.49789097673093, 110.24264310393038, 65.02831509011398, 160.66373534212752]"
35,0.18000000000000008,"[0.749414397626407, 0.555685993822163, 0.007410642676252861]","[0.9984890974505379, 0.10973431109104531, 0.0]","[6.420295445326971, 5.216520332301738, -3.696184860094475]","[-0.027475089956222883, 0.9939609554551797, 0.0]","[-0.6404991581168078, -0.45532250687453474, 0.6153946965666642, 0.061086910404544524]","[[0.17721759916087002, -0.5149837942152059, -0.8386808774756745], [-0.6802237218739396, 0.5517682761932711, -0.48254270027290974], [0.7112591726984069, 0.6560056867759733, -0.2525211440057271]]","[-7.654593818799892, 14.189269792513036, 1.637400531109333]",[60.68559626749247],"[0.8699086628871909, 0.31319463685085464, -0.3810092356907913, 0.0]",[0.5],"[6, 0, 0]","[77.91473844236484, 162.61631807556915, 0.0, 179.47892002014902]"
36,0.18500000000000008,"[0.7815158748530419, 0.5817685954836717, -0.011070281624219514]","[0.998401550108975, 0.11285638487348172, 0.0]","[6.104123065665991, 5.026175002491007, -3.8096939513462784]","[-0.028259267241012274, 0.9936113105200084, 0.0]","[-0.6707422714116953, -0.4423505643518133, 0.5928826807123647, 0.05404544819346069]","[[0.2351155136297008, -0.48215388254391933, -0.8439480604862286], [-0.6386583412881899, 0.5778996082214329, -0.5080822432643486], [0.7326910797557593, 0.6584524860347474, -0.17205843565777507]]","[-7.208308500469653, 14.101959038866713, 1.4910390095895716]",[62.928490851583376],"[0.8773445896879625, 0.30717739684720374, -0.3686577244700512, 0.0]",[0.5],"[6, 0, 0]","[29.54839312827721, 186.53553966073255, 0.0, 198.1372270418235]"
37,0.19000000000000009,"[0.8120364901813718, 0.6068994704961267, -0.030118751380950905]","[0.9983115393108354, 0.11597734480896142, 0.0]","[5.7478368878611406, 4.8025039292296094, -3.8986202001132746]","[-0.02904337479886892, 0.9932518590423394, 0.0]","[-0.6992645048476093, -0.42961901207333436, 0.5694605572850847, 0.04659753665078349]","[[0.29113843288177615, -0.4520228434535711, -0.8431570209013809], [-0.5970251101765508, 0.6028101354944003, -0.5293212241766807], [0.7475288828652847, 0.6574916649976414, -0.0943677897420952]]","[-6.839699037082219, 14.101959038866713, 1.3220141807746675]",[64.10668478295848],"[0.8853343213767116, 0.30034366860634515, -0.35493213452788347, 0.0]",[0.5],"[6, 0, 0]","[0.0, 201.0302461988963, 0.0, 209.99822504169697]"
38,0.1950000000000001,"[0.8407756746206775, 0.6309119901422747, -0.049611852381517274]","[0.9982190652782118, 0.11909716009486979, 0.0]","[5.361746312783076, 4.549664481074917, -3.9558474730870907]","[-0.029827410695085363, 0.9928826045698137, 0.0]","[-0.7262796713466564, -0.41710048019924095, 0.5450099933679136, 0.038847593686897955]","[[0.34708668654927965, -0.42413415728464016, -0.836445484562318], [-0.5544701708575539, 0.6265123480864225, -0.5477637331226238], [0.7563687339184756, 0.6539055698796931, -0.017715643676613824]]","[-6.540249641459374, 14.101959038866713, 1.1373802352497697]",[64.42095976203515],"[0.8937690691173954, 0.29264336610396413, -0.33990691573483156, 0.0]",[0.5],"[6, 0, 0]","[0.0, 211.3320595723947, 0.0, 218.30193164362663]"
39,0.2000000000000001,"[0.8675844061845929, 0.6536603125476493, -0.06939108974695272]","[0.9981241282392745, 0.1222157999398895, 0.0]","[4.9588193934953555, 4.274132210935069, -3.976546896832456]","[-0.030611372995130975, 0.9925035507468237, 0.0]","[-0.7518536904923385, -0.40473806562167547, 0.5195616152065247, 0.030965373142635946]","[[0.40290994318768913, -0.39821942474322636, -0.8240660576905635], [-0.5110762950453411, 0.6490361077646006, -0.5635185457999632], [0.7592526577650031, 0.6482078529105859, 0.057982593093338974]]","[-6.300355379028005, 14.086163623461005, 0.9424321390532221]",[63.998675193420276],"[0.9024515478293959, 0.2840824720429163, -0.32384927496956567, 0.0]",[0.5],"[6, 0, 0]","[12.567981303975552, 218.21212114364448, 0.0, 223.6413924977267]"
40,0.2050000000000001,"[0.8923785031520697, 0.6750309736023247, -0.089273824231115]","[0.9980267284282716, 0.1253332335643043, 0.0]","[4.548013849263217, 3.980456324791624, -3.9580990412805477]","[-0.0313952597646567, 0.9921147013144779, 0.0]","[-0.7760188270991535, -0.39246901221128644, 0.49318243093175723, 0.023107233971067214]","[[0.4581937473402493, -0.37400986607039777, -0.8063343661163794], [-0.4671355863694505, 0.6704564878059236, -0.5764307780698527], [0.756202905208364, 0.6407844552116954, 0.13248565248162336]]","[-6.109373525397997, 13.932759275514082, 0.744779134935323]",[62.971978773899984],"[0.9111647408556083, 0.2747063832555855, -0.30710782800210035, 0.0]",[0.5],"[6, 0, 0]","[39.16686711327871, 221.8678965083938, 0.0, 226.1308958045305]"
41,0.2100000000000001,"[0.9151185723983858, 0.6949332552262828, -0.10906431943751774]","[0.997926866085527, 0.12844943020030292, 0.0]","[4.141052346125288, 3.675934816053916, -3.9004308312192952]","[-0.032179069069499876, 0.9917160601105629, 0.0]","[-0.7986558632128028, -0.38022756265665364, 0.4661921839304917, 0.01551323287106261]","[[0.5124742911168978, -0.351254345808029, -0.7835754497782629], [-0.42298094022296223, 0.6908682603842069, -0.5863345214140122], [0.7472999566120236, 0.6319188487018516, 0.2054783285482792]]","[-5.961691964727499, 13.636619442477926, 0.548878810105254]",[61.42179222337644],"[0.9197917918711135, 0.2644900325575415, -0.2898759774183384, 0.0]",[0.5],"[6, 0, 0]","[54.4187314291831, 222.97392800357966, 0.0, 226.26132717733825]"
42,0.2150000000000001,"[0.9358238341290123, 0.7133129293065523, -0.12856647359361423]","[0.9978245414574415, 0.13156435909228256, 0.0]","[3.748833604411448, 3.36852876486894, -3.8062800549391262]","[-0.03296279897568894, 0.9913076310695066, 0.0]","[-0.8196694252250255, -0.3679584213083302, 0.4389511598485743, 0.008397190431859602]","[[0.5648483744960135, -0.3297387668712271, -0.7564513596071158], [-0.37929770443066607, 0.7103726804041375, -0.5928776487177339], [0.732857124713159, 0.6218062403656657, 0.2761836964765982]]","[-5.849643036335679, 13.18598581375334, 0.35950483645729603]",[59.449632506005436],"[0.9281712858893598, 0.2534862211564506, -0.2724753194957578, 0.0]",[0.5],"[6, 0, 0]","[67.12925060840358, 221.4416783571993, 0.0, 223.95737584989584]"
43,0.2200000000000001,"[0.9545680021510695, 0.7301555731308971, -0.14759787386830986]","[0.9977197547964906, 0.13467798949715265, 0.0]","[3.38081284099137, 3.066393855723001, -3.680968179339374]","[-0.03374644754944828, 0.9908894182223387, 0.0]","[-0.8389823132434624, -0.3556224664642547, 0.41187078278874084, 0.0019487676923474776]","[[0.614502732920885, -0.30926571110910894, -0.7257693236593435], [-0.33679739212825877, 0.7290721747622649, -0.5958366224419455], [0.7134100559204136, 0.610580448360082, 0.34385695891174545]]","[-5.765457441083478, 12.574774571131906, 0.18112257870567963]",[57.16701334955315],"[0.9361581611613842, 0.24178963799070202, -0.25523649474803023, 0.0]",[0.5],"[6, 0, 0]","[78.18000016765376, 217.32623558776854, 0.0, 219.25452931985757]"
44,0.22500000000000012,"[0.9714720663560263, 0.7454875424095121, -0.16600271476500672]","[0.9976125063612252, 0.13779029068463813, 0.0]","[3.0444777568828596, 2.777352259271033, -3.5319589515921335]","[-0.03453001285720291, 0.9904614256966512, 0.0]","[-0.8565448036790488, -0.343199227133101, 0.385398243112962, -0.003672055433116586]","[[0.6607173211789424, -0.28967104402679106, -0.6924906553496237], [-0.2962109705327903, 0.7470577273007227, -0.595116638161211], [0.6897185530563499, 0.5983272000608932, 0.40779023926173996]]","[-5.700963896270451, 11.805036746891751, 0.017636497334621637]",[54.6903315680844],"[0.9436255423106374, 0.229546646938628, -0.2384935487139813, 0.0]",[0.5],"[6, 0, 0]","[87.73470375171702, 210.70771637484026, 0.0, 212.23260161443244]"
45,0.23000000000000012,"[0.9866944551404406, 0.7593743037058672, -0.1836625095229674]","[0.99750279641627, 0.14090123193758272, 0.0]","[2.745035225784903, 2.508386517195313, -3.3682239625758297]","[-0.03531349296558335, 0.9900236577165575, 0.0]","[-0.8723417819924982, -0.33068848215217406, 0.35999356625328977, -0.008341188061792546]","[[0.7029094204286768, -0.270827318349762, -0.6577012317976139], [-0.2582461983495323, 0.7644016130082766, -0.5907614366801199], [0.662742218144156, 0.5851006218299737, 0.46736496940136874]]","[-5.647187287345239, 10.886834896213289, -0.1277500524953533]",[52.13675182273556],"[0.950468023627653, 0.21696180206431362, -0.22257158962084247, 0.0]",[0.5],"[6, 0, 0]","[95.82284960688982, 201.66497877980694, 0.0, 202.99391556278752]"
46,0.23500000000000013,"[1.0004196312693652, 0.7719162362918438, -0.20050362933584653]","[0.9973906252323237, 0.14401078255225222, 0.0]","[2.4853466356901177, 2.2652187849882486, -3.1994898409505312]","[-0.03609688594143031, 0.9895761186026509, 0.0]","[-0.8863944805258095, -0.31811123156188054, 0.33610514678186754, -0.011974955294410745]","[[0.7406701136759121, -0.25264418573321434, -0.6225581885434586], [-0.22353871830217967, 0.781151104707218, -0.582952307684352], [0.6335915278214586, 0.5709412115357358, 0.522099520056259]]","[-5.594085312530113, 9.837475207802523, -0.25262823866121664]",[49.61962131241702],"[0.9566048704392791, 0.20429966792353624, -0.20777094969745577, 0.0]",[0.5],"[6, 0, 0]","[102.43825888850151, 190.26517051064297, 0.0, 191.655563075]"
47,0.24000000000000013,"[1.0128463644478158, 0.783242330216785, -0.2165010785405992]","[0.9972759930861571, 0.14711891183863746, 0.0]","[2.2660998953531277, 2.0520217589974914, -3.0354608269834347]","[-0.03688018985179951, 0.9891188127719618, 0.0]","[-0.8987571562226515, -0.30551027440246414, 0.31414623566161853, -0.014532342988592885]","[[0.7737798615048724, -0.23506671290915113, -0.5882247584143221], [-0.19260857579911508, 0.7973236895997611, -0.5719937679133058], [0.6034622295207359, 0.555894391485569, 0.5716771493218459]]","[-5.530576613762106, 8.680536029163859, -0.35544112525856497]",[47.243658413119206],"[0.9619827591814321, 0.19187893503350695, -0.1943492869245635, 0.0]",[0.5],"[6, 0, 0]","[107.56110721997354, 176.55133544861783, 0.0, 178.34085632958715]"
48,0.24500000000000013,"[1.0241768639245814, 0.7935024390117725, -0.23167838267551635]","[0.9971589002606139, 0.15022558912075715, 0.0]","[2.086168657266371, 1.8712854450318621, -2.8851076062072645]","[-0.03766340276396638, 0.988651744737914, 0.0]","[-0.9095101729833343, -0.2929503575204275, 0.29447386586401403, -0.01601485534064879]","[[0.8022019072537935, -0.2180718998343244, -0.5558027946142631], [-0.1658277108036047, 0.812904566483586, -0.5582896525279413], [0.573561914990886, 0.5400285291471014, 0.6159512297083318]]","[-5.445022999037532, 7.444750101389541, -0.4355025513215762]",[45.10048802106888],"[0.966577759453555, 0.18005538265178164, -0.18250340848287186, 0.0]",[0.5],"[6, 0, 0]","[111.16590879286318, 160.51952554440697, 0.0, 163.1626618692134]"
49,0.2500000000000001,"[1.0346077072109132, 0.8028588662369318, -0.24610392070655268]","[0.997039347044609, 0.1533307837369607, 0.0]","[1.9430857992616364, 1.7238406058458304, -2.7560946862889733]","[-0.03844652274543094, 0.9881749191102804, 0.0]","[-0.9187513600529041, -0.28051740943797837, 0.2773713333266303, -0.01646404724701688]","[[0.8260573334630417, -0.20166379627292375, -0.5262708381667391], [-0.1434011008682175, 0.8278472248741438, -0.5423145734146948], [0.545037068557463, 0.5234507479610395, 0.6549304607035129]]","[-5.326268890387089, 6.162677917959099, -0.4929719243248043]",[43.2650518426986],"[0.970396027719621, 0.16919146711250932, -0.17235369692088792, 0.0]",[0.5],"[6, 0, 0]","[113.22862639061032, 142.07017148123322, 0.0, 146.18985844172448]"
50,0.2550000000000001,"[1.0443231362072214, 0.811478069266161, -0.2598843941379976]","[0.996917333733128, 0.15643446504023092, 0.0]","[1.8335505749159675, 1.6090191661638757, -2.654390616103934]","[-0.039229547863922486, 0.9876883405951378, 0.0]","[-0.9265875049776299, -0.2683159719129093, 0.26303519245787155, -0.0159568908128179]","[[0.8455881571937109, -0.1858677073546327, -0.5004336757018627], [-0.1253622441539446, 0.8420778363009074, -0.5245848123530353], [0.5189074832322532, 0.5063181934056046, 0.6887502529016262]]","[-5.165178590014012, 4.869083130104927, -0.5287803737281134]",[41.79326451336768],"[0.9734724891346117, 0.15961396795675664, -0.1639350302136878, 0.0]",[0.5],"[6, 0, 0]","[113.73630853224368, 120.89100375227575, 0.0, 127.37950302919037]"
51,0.2600000000000001,"[1.0534908890818013, 0.8195231650969803, -0.2731563472185172]","[0.9967928606272266, 0.15953660239848638, 0.0]","[1.736046514196193, 1.5060699557336004, -2.5573255927818326]","[-0.040012476187404375, 0.9871920139948192, 0.0]","[-0.9331274660973984, -0.2564638745536125, 0.2515676350368926, -0.014599248800615422]","[[0.8611157303284767, -0.1707239979141647, -0.47888726806740095], [-0.11158217533236708, 0.8555038337040375, -0.5056309016128184], [0.4960132227359986, 0.4888420062289033, 0.7176380534901629]]","[-4.956367480779021, 4.344444699365768, -0.5295995654703171]",[40.721091255260234],"[0.9758669473136945, 0.15156678877806032, -0.1571979951531125, 0.0]",[0.5],"[6, 0, 0]","[112.6990062056245, 96.11772071483783, 86.340498564369, 106.42709865332922]"
52,0.2650000000000001,"[1.0621711216527823, 0.8270535148756483, -0.2859429751824264]","[0.9966659280340299, 0.16263716519488366, 0.0]","[1.6443565927120911, 1.409622609966984, -2.4591401473430214]","[-0.04079530578407879, 0.986685944207868, 0.0]","[-0.9389286495928882, -0.2450426023321439, 0.24124121604439078, -0.013030337577739252]","[[0.8730011738728052, -0.15628194086818878, -0.46200097984222555], [-0.10179010070721375, 0.8680262859668134, -0.4859723678036392], [0.4769776994941376, 0.47128157382729513, 0.7418800121017874]]","[-4.744751710012728, 4.11856031880965, -0.5001996258343955]",[39.6925225203696],"[0.9779747446716699, 0.14403368728969834, -0.15106189364004222, 0.0]",[0.5],"[6, 0, 0]","[121.35709697979424, 72.0420663346821, 111.6633385753892, 85.47641212307448]"
