,t,p,p_d,v,v_d,q,R,w,T_sp,q_sp,hover_throttle,fa,pwm
0,0.005,"[1.0, 0.0, 0.0]","[1.0, 0.0, 1.0]","[0.0, 0.0, 0.09727468952551824]","[0.0, 0.0, 0.0]","[1.0, 0.0, 0.0, 0.0]","[[1.0, 0.0, 0.0], [0.0, 1.0, 0.0], [0.0, 0.0, 1.0]]","[0.0, 1.935993790510365, 0.0189098758102073]",[19.810000000000002],"[0.9974019467222153, 0.0, 0.07203718952551824, 0.0]",[0.5],"[2.876553231625218, 0.0, 0.0]","[0.0, 70.37400088100719, 139.13999390938483, 70.37400088100719]"
1,0.01,"[1.0, 0.0, 0.0004863734476275912]","[1.0, 0.0, 1.0]","[0.0, 0.0, 0.152602992582508]","[0.0, 0.0, 0.0]","[0.9999882863635037, 0.0, 0.0048399277824571095, 4.727413576698967e-05]","[[1.0, 0.0, 0.0], [0.0, 1.0, 0.0], [0.0, 0.0, 1.0]]","[2.168404344971009e-20, 2.845323748785329, 0.013531752918409936]",[18.837253104744818],"[0.997090328109523, 0.0, 0.07622911248626607, 0.0]",[0.5],"[2.8972085504451197, 0.0, 0.0]","[0.0, 76.75402604635251, 95.35879394554881, 76.75402604635251]"
2,0.015,"[1.0, 0.0, 0.0012493884105401313]","[1.0, 0.0, 1.0]","[0.0008860106962776795, 4.1885880582815555e-08, 0.1950811728278828]","[0.0, 0.0, 0.0]","[0.999928558830761, -1.7253942054563604e-07, 0.011952851426504003, 8.110106995405407e-05]","[[0.9999531457284335, -9.454716402989526e-05, 0.009679742178604797], [9.454716402989526e-05, 0.9999999955303123, 4.5760680618060546e-07], [-0.009679742178604797, 4.5760680618060546e-07, 0.9999531501981214]]","[0.00014950473505405173, 2.9694778086339624, 0.00582335343637985]",[18.306493704678115],"[0.9968696492631223, 0.0, 0.07906264843793015, 0.0]",[0.5],"[2.917682478432413, -0.0002758715296350677, 0.02824373749000482]","[54.701948700869885, 74.4273191627108, 65.06799359254083, 74.43736215838494]"
3,0.02,"[1.0000044300534814, 2.0942940291407777e-10, 0.002224794274679545]","[1.0, 0.0, 1.0]","[0.0030268073307628046, 2.464215842455626e-07, 0.2355636933458598]","[0.0, 0.0, 0.0]","[0.9998122731587813, -2.2685340650887817e-07, 0.0193754817253827, 9.56500294076828e-05]","[[0.9997142455307849, -0.00016219467667369803, 0.023903994973658443], [0.00016218642732146205, 0.9999999868451735, 2.2838322676380173e-06], [-0.02390399502963097, 1.5937238911272477e-06, 0.9997142586854925]]","[0.0002709528975994545, 2.773616685278038, 0.001295302571490498]",[17.911622194066098],"[0.9966929749286499, 1.1618361111917005e-08, 0.08125954545699492, -0.0]",[0.5],"[2.937545178024992, -0.0004765903781946983, 0.07023913631752055]","[69.93714897810017, 71.0162281863446, 54.15342624087356, 71.02477840472591]"
4,0.025,"[1.0000195640901353, 1.441537324141891e-09, 0.003402612741408844]","[1.0, 0.0, 1.0]","[0.006423174257229785, 6.111107650745011e-07, 0.2741103310222509]","[0.0, 0.0, 0.0]","[0.9996538905874852, -1.5009323259463636e-07, 0.0263075893590742, 9.887060344301144e-05]","[[0.9992491631179624, -0.00019127293744766358, 0.038743688811405545], [0.00019125535587153497, 0.9999999817020409, 4.1601524337126615e-06], [-0.03874368889819969, 3.2529091535708433e-06, 0.9992491814157157]]","[0.00032988541881077255, 2.5521085474129683, -0.0012583240956983528]",[17.53249125554169],"[0.996538983090792, 7.000506393672245e-08, 0.08312674166816147, -0.0]",[0.5],"[2.9566835098649284, -0.000565958482537324, 0.11463890093495933]","[71.91286512031185, 68.57136052812407, 54.3725922792124, 68.5756575607561]"
5,0.030000000000000002,"[1.0000516799614214, 4.497091149514397e-09, 0.004773164396520099]","[1.0, 0.0, 1.0]","[0.010937206195394827, 1.0833243504857868e-06, 0.31076458122334705]","[0.0, 0.0, 0.0]","[0.9994656984849836, -3.924429223387068e-08, 0.03268498727530899, 9.570128025943771e-05]","[[0.9986158019334365, -0.00019768066397533496, 0.05259696807987328], [0.00019766486961082024, 0.9999999804491628, 5.5021770379533865e-06], [-0.05259696813923252, 4.902011902297065e-06, 0.9986158214841839]]","[0.00034781572156980474, 2.3357532094375837, -0.0025991313373430365]",[17.164608923122994],"[0.996411909554052, 1.7785597675988302e-07, 0.08463631902921992, -0.0]",[0.5],"[2.9752558135355467, -0.0005889657900240056, 0.15670634767745995]","[72.14795919117938, 66.77322430789559, 55.15228586104333, 66.7745669210975]"
6,0.035,"[1.0001063659923983, 9.91371290194333e-09, 0.006326987302636834]","[1.0, 0.0, 1.0]","[0.016427914906682047, 1.6156657099708311e-06, 0.34557427674821467]","[0.0, 0.0, 0.0]","[0.999257802527624, 5.8611548247658316e-08, 0.03852059365024679, 8.917675329107557e-05]","[[0.9978633648961557, -0.0001913028592391968, 0.06533504726666756], [0.00019129772844242763, 0.9999999816825268, 6.334436902919154e-06], [-0.06533504728169048, 6.177543607122855e-06, 0.9978633832136227]]","[0.0003429198163645197, 2.1275600949685907, -0.0032062547259259027]",[16.80785104165205],"[0.9963124406224484, 3.229651027165772e-07, 0.0857993045475068, -0.0]",[0.5],"[2.9933991236506716, -0.0005738719661865458, 0.19599263798212552]","[71.88211119037281, 65.4054864939624, 55.54373740121553, 65.40511221961052]"
7,0.04,"[1.0001885055669317, 1.7992041451797484e-08, 0.008054858686377907]","[1.0, 0.0, 1.0]","[0.022764629737402318, 2.171531366059621e-06, 0.3785920949874713]","[0.0, 0.0, 0.0]","[0.9990387843620208, 1.3218359098859583e-07, 0.043834926232870365, 8.113320607126507e-05]","[[0.9970323118246787, -0.00017821661755710994, 0.07698400753646388], [0.00017822564856364299, 0.9999999840950067, 6.7531468593382664e-06], [-0.07698400751555674, 6.987419046957054e-06, 0.9970323277296584]]","[0.00032639999401608294, 1.9276372185883481, -0.0033796786895065717]",[16.462418711363792],"[0.9962404676999107, 4.93285664516976e-07, 0.08663100205365201, -0.0]",[0.5],"[3.0112281285054374, -0.0005382482447062677, 0.23250641547877735]","[71.36904836338073, 64.32235437544458, 55.626543129086784, 64.32107021946067]"
8,0.045,"[1.0003023287156187, 2.8849698282095588e-08, 0.009947819161315263]","[1.0, 0.0, 1.0]","[0.029827733525553346, 2.7238362897210037e-06, 0.4098744971970267]","[0.0, 0.0, 0.0]","[0.9988159424107531, 1.8603867950988389e-07, 0.04864882225879267, 7.265615488483375e-05]","[[0.9961569853191233, -0.0001620988506137396, 0.08758558285402028], [0.00016212202764558033, 0.9999999868347708, 6.848823138232643e-06], [-0.08758558281112237, 7.3770492744480555e-06, 0.9961569984842826]]","[0.0003046803336711946, 1.7358148429375615, -0.003305965222810135]",[16.12846214638582],"[0.9961954374017292, 6.788023086172896e-07, 0.08714729198039836, -0.0]",[0.5],"[3.028842242762279, -0.0004928659372747577, 0.26630633235004386]","[70.71380062044072, 63.42720198433102, 55.517725472857556, 63.42548978886703]"
9,0.049999999999999996,"[1.0004514673832465, 4.246887973070061e-08, 0.011997191647300396]","[1.0, 0.0, 1.0]","[0.03750808897250111, 3.253152340954052e-06, 0.4394806952367431]","[0.0, 0.0, 0.0]","[0.9985954270855698, 2.2946308896490877e-07, 0.05298272228744655, 6.436417339511663e-05]","[[0.9952665736278312, -0.0001451221505011683, 0.09718243853021218], [0.00014515835275177922, 0.9999999894420972, 6.697635932000144e-06], [-0.09718243847614476, 7.440909527998211e-06, 0.9952665841855957]]","[0.00028130676296232195, 1.5519185909933852, -0.0031000267339646543]",[15.806056244534531],"[0.996176436755909, 8.714800409607952e-07, 0.08736421951543454, -0.0]",[0.5],"[3.046327915451452, -0.00044419220934005814, 0.297457568887403]","[69.97669349119175, 62.656911972115985, 55.297152842786005, 62.655046741458925]"
10,0.05499999999999999,"[1.000639007828109, 5.873464143547087e-08, 0.014194595123484113]","[1.0, 0.0, 1.0]","[0.045706340851161674, 3.7460624022976463e-06, 0.467471759454283]","[0.0, 0.0, 0.0]","[0.9983823511677199, 2.714006320101175e-07, 0.05685664142840189, 5.658819546291071e-05]","[[0.994385653992529, -0.00012852322328277667, 0.10581660841111608], [0.00012857185359924805, 0.999999991714401, 6.3620966658584684e-06], [-0.10581660835203928, 7.278659831159617e-06, 0.9943856622779172]]","[0.00025815033103622227, 1.3757946188226384, -0.002831654426065961]",[15.495208175277966],"[0.996182248159386, 1.0649821216325701e-06, 0.08729792924793306, -0.0]",[0.5],"[3.063759766419248, -0.0003959874913352754, 0.3260270963958957]","[69.19514754056503, 61.97072927997367, 55.01571340492727, 61.96886091556407]"
11,0.05999999999999999,"[1.000867539532365, 7.74649534469591e-08, 0.01653195392075553]","[1.0, 0.0, 1.0]","[0.05433222405906738, 4.193801494608592e-06, 0.49390985976136903]","[0.0, 0.0, 0.0]","[0.9981808896333251, 3.186003457156436e-07, 0.06029020751341691, 4.948445782811412e-05]","[[0.9935346382465166, -0.00011296244941236333, 0.1135293347282919], [0.0001130241731260339, 0.9999999935954049, 5.892906274840734e-06], [-0.11352933466685962, 6.9767526792194e-06, 0.993534644650817]]","[0.0002361263962882731, 1.2073088318911818, -0.0025423489583100405]",[15.19586673972838],"[0.9962113995181415, 1.2543897976469364e-06, 0.08696463343527884, -0.0]",[0.5],"[3.0812014889313266, -0.000350325045472992, 0.35208309980975383]","[68.39268091732382, 61.34259222706801, 54.70558411848192, 61.34079704233444]"
12,0.06499999999999999,"[1.0011392006526603, 9.843396092000206e-08, 0.019001503219562375]","[1.0, 0.0, 1.0]","[0.06330389627564037, 4.591158593645448e-06, 0.518857624055299]","[0.0, 0.0, 0.0]","[0.9979943718400851, 3.75286353958061e-07, 0.0633027007109821, 4.3105322470202906e-05]","[[0.9927301768585554, -9.875046331386534e-05, 0.12036106597537208], [9.88272972376935e-05, 0.999999995102374, 5.330814909244004e-06], [-0.12036106591230902, 6.6028980153397085e-06, 0.9927301817557754]]","[0.0002156171892735074, 1.0463435697690358, -0.0022559833245208417]",[14.907930806144146],"[0.9962622121147431, 1.4359551785839483e-06, 0.08638058063116254, -0.0]",[0.5],"[3.098706679557464, -0.00030823956742041065, 0.3756948743884937]","[67.58405667293445, 60.755983601184994, 54.387058158618544, 60.754295743406594]"
13,0.06999999999999999,"[1.0014557201340384, 1.213897538882293e-07, 0.02159579133983887]","[1.0, 0.0, 1.0]","[0.0725473008366519, 4.935600273580912e-06, 0.5423775992357812]","[0.0, 0.0, 0.0]","[0.9978253672194686, 4.4346465464255106e-07, 0.06591308770743065, 3.744340653055101e-05]","[[0.9919855324492541, -8.599022516373788e-05, 0.1263514780960287], [8.608525172271998e-05, 0.9999999962835808, 4.708299316606192e-06], [-0.12635147803132135, 6.206433992920316e-06, 0.9919855361651101]]","[0.00019671741753900278, 0.8927942247236562, -0.0019855444305802044]",[14.631256713888904],"[0.9963328462492375, 1.6068898655707113e-06, 0.08556202126125415, -0.0]",[0.5],"[3.1163196237326005, -0.0002701380386721009, 0.39693279568915163]","[66.77848280278388, 60.20053002747001, 54.0728426753015, 60.198960272341694]"
14,0.075,"[1.0018184566382216, 1.4606775525613386e-07, 0.024307679336017775]","[1.0, 0.0, 1.0]","[0.08199556277561804, 5.226578286825217e-06, 0.5645318016996945]","[0.0, 0.0, 0.0]","[0.9976757652453154, 5.234308710593719e-07, 0.06814004981157891, 3.2458833353477507e-05]","[[0.9913109269337279, -7.466550149323662e-05, 0.13153950192568173], [7.478242199194302e-05, 0.9999999971955894, 4.0510205136912645e-06], [-0.13153950185926241, 5.821021641161498e-06, 0.9913109297373519]]","[0.00017937523322684683, 0.7465660514368858, -0.0017373831050408132]",[14.365664763280451],"[0.9964213444265996, 1.7651868077923497e-06, 0.08452517002628232, -0.0]",[0.5],"[3.1340760454768093, -0.00023605848911328493, 0.4158683121696188]","[65.98164307552813, 59.669780760861265, 53.77076798855196, 59.66832756334073]"
15,0.08,"[1.0022284344520997, 1.7220064669025994e-07, 0.027130338344516246]","[1.0, 0.0, 1.0]","[0.09158841967680331, 5.464987248610775e-06, 0.5853813457211919]","[0.0, 0.0, 0.0]","[0.9975468502783, 6.14280522893231e-07, 0.07000200504334825, 2.8095842216107007e-05]","[[0.9907138651161994, -6.469544959854787e-05, 0.1359633527132217], [6.483811602105548e-05, 0.9999999978923003, 3.3790644533890305e-06], [-0.1359633526452619, 5.467921632737754e-06, 0.9907138672228032]]","[0.00016347172033310926, 0.6075711955770837, -0.0015138824280146316]",[14.110944912367442],"[0.9965256718407897, 1.9094716034094067e-06, 0.08328616546952353, -0.0]",[0.5],"[3.152003826230447, -0.0002058316854689466, 0.43257394800761145]","[65.19699450142731, 59.15976809477921, 53.48550769527314, 59.15842396395562]"
16,0.085,"[1.0026863765504839, 1.9952558293331382e-07, 0.030057245073122206]","[1.0, 0.0, 1.0]","[0.10127168804275768, 5.65274340454964e-06, 0.6049861395016926]","[0.0, 0.0, 0.0]","[0.9974393717558269, 7.143438736444861e-07, 0.07151712438776496, 2.429271725057729e-05]","[[0.9901994370010694, -5.596783608066409e-05, 0.13966055932283292], [5.6139839553710493e-05, 0.9999999984204926, 2.70798337541918e-06], [-0.13966055925379803, 5.15907777861698e-06, 0.9901994385790673]]","[0.00014886452851528703, 0.4757259472810462, -0.0013151233271287517]",[13.866861786756822],"[0.9966437539182662, 2.038879231799118e-06, 0.08186102718357165, -0.0]",[0.5],"[3.170123696444899, -0.0001791810384536357, 0.4471233087234961]","[64.42659835642517, 58.668079864927904, 53.21967768429035, 58.6668349505867]"
17,0.09000000000000001,"[1.0031927349906977, 2.2778929995606202e-07, 0.03308217577063067]","[1.0, 0.0, 1.0]","[0.11099676515593397, 5.792460187525393e-06, 0.6234046399084219]","[0.0, 0.0, 0.0]","[0.9973536100875465, 8.215253608823538e-07, 0.0727033424553913, 2.0987546616642846e-05]","[[0.9897706006583378, -4.8358849625981366e-05, 0.14266799127293792], [4.856320090464964e-05, 0.9999999988187073, 2.0496611535615194e-06], [-0.1426679912035245, 4.899719971743839e-06, 0.9897706018375894]]","[0.00013541080896743553, 0.3509482248403107, -0.0011399156904136887]",[13.633159093929152],"[0.9967735107091521, 2.1529523874424766e-06, 0.08026561121624055, -0.0]",[0.5],"[3.1884499025818696, -0.0001557833393681056, 0.45959108360380047]","[63.671652564350396, 58.19326496675233, 52.97454214873398, 58.19210900367133]"
18,0.09500000000000001,"[1.0037477188164774, 2.56751600893689e-07, 0.03619919897017278]","[1.0, 0.0, 1.0]","[0.1207201658594616, 5.8872005646942545e-06, 0.6406936580201211]","[0.0, 0.0, 0.0]","[0.9972894385243244, 9.335530918869045e-07, 0.07357836284249246, 1.812140080538427e-05]","[[0.9894284471106741, -4.174455549068281e-05, 0.14502188216111508], [4.1983466049274884e-05, 0.9999999991176961, 1.4130270090275678e-06], [-0.14502188209214786, 4.690432146845529e-06, 0.9894284479902785]]","[0.0001229783718341878, 0.23315529440278024, -0.000986429094149359]",[13.409563520524749],"[0.9969128879487461, 2.251557950360564e-06, 0.07851556429537689, -0.0]",[0.5],"[3.206990851288798, -0.0001353047892858518, 0.4700530398994638]","[62.93283210576082, 57.73445433866862, 52.75046968963002, 57.73337763731202]"
19,0.10000000000000002,"[1.0043513196457747, 2.861876037171603e-07, 0.03940266726027338]","[1.0, 0.0, 1.0]","[0.13040309326334149, 5.940289907841663e-06, 0.6569082085742549]","[0.0, 0.0, 0.0]","[0.9972463811919703, 1.0481531464482846e-06, 0.07415965853355344, 1.563993264376742e-05]","[[0.9891724483860667, -3.6007184652696646e-05, 0.14675784836729114], [3.628194188520699e-05, 0.9999999993414865, 8.046407296645214e-07], [-0.146757848299622, 4.528731285026672e-06, 0.989172449041094]]","[0.00011145028146747793, 0.12226173132637909, -0.0008525718344378755]",[13.195788179786323],"[0.9970598846540877, 2.334818556683843e-06, 0.07662627753013942, -0.0]",[0.5],"[3.2257497317178156, -0.00011742155417173275, 0.478586004665495]","[62.21050568668062, 57.2911208472524, 52.547230060475215, 57.290114740946464]"
20,0.10500000000000002,"[1.0050033351120915, 3.158890532563686e-07, 0.04268720830314465]","[1.0, 0.0, 1.0]","[0.14001104207285175, 5.955176276149431e-06, 0.6721013972718264]","[0.0, 0.0, 0.0]","[0.9972236674194984, 1.1631650634019414e-06, 0.07446446773437661, 1.3494029157404117e-05]","[[0.9890006896031587, -3.103827110330351e-05, 0.1479109022388229], [3.1349193821029404e-05, 0.9999999995085879, 2.2917026423807723e-07], [-0.14791090217325073, 4.410237993160195e-06, 0.9890006900901764]]","[0.0001007259142977546, 0.018177627865655396, -0.000736212584420651]",[12.99153566651481],"[0.9972125771680616, 2.4030566638381954e-06, 0.074612840262641, -0.0]",[0.5],"[3.2447251162485724, -0.0001018307255723268, 0.48526783095962267]","[61.50487249140895, 56.8629284526606, 52.36418915229412, 56.86198544318252]"
21,0.11000000000000003,"[1.0057033903224557, 3.456649346371158e-07, 0.046047715289503785]","[1.0, 0.0, 1.0]","[0.14951343301452685, 5.935327619771395e-06, 0.68632434065412]","[0.0, 0.0, 0.0]","[0.9972202824441502, 1.2766133070353404e-06, 0.07450978556466237, 1.1639909216740071e-05]","[[0.9889100857258944, -2.673990155455746e-05, 0.14851545924442344], [2.708635942389125e-05, 0.9999999996331166, -3.102200630833227e-07], [-0.14851545918164033, 4.329522858276347e-06, 0.9889100860873662]]","[9.072021275710543e-05, -0.07919294974789833, -0.0006353044038160076]",[12.796500768362817],"[0.9973691396151159, 2.456748906837387e-06, 0.07248999473974307, -0.0]",[0.5],"[3.2639115392704037, -8.825541826566627e-05, 0.4901773459334273]","[60.81604724687435, 56.449638599576765, 52.200438950247495, 56.44875234234518]"
22,0.11500000000000003,"[1.0064509574875284, 3.7534157273597275e-07, 0.04947933699277438]","[1.0, 0.0, 1.0]","[0.15888327668446187, 5.884157558571302e-06, 0.6996261139304506]","[0.0, 0.0, 0.0]","[0.997235014541004, 1.386746879950606e-06, 0.07431235207353493, 1.003891132151996e-05]","[[0.9888965834392411, -2.302486674597121e-05, 0.1486053388410107], [2.3405347480996004e-05, 0.9999999997257656, -8.115550857646061e-07], [-0.14860533878157203, 4.280703644690366e-06, 0.9888965837069567]]","[8.136211202613598e-05, -0.1699532539101716, -0.0005479488254295163]",[12.610372874906723],"[0.9975278607860167, 2.4964889016189583e-06, 0.07027209225176563, -0.0]",[0.5],"[3.2833000531841185, -7.644636201359605e-05, 0.49339427913001027]","[60.1441118218264, 56.05105317415565, 52.05488589185097, 56.05021838427317]"
23,0.12000000000000004,"[1.0072453738709508, 4.0476236052882926e-07, 0.05297746756242663]","[1.0, 0.0, 1.0]","[0.16809686504997526, 5.804973131809237e-06, 0.7120537227170193]","[0.0, 0.0, 0.0]","[0.9972664986025175, 1.4920565617236202e-06, 0.07388863706892183, 8.657121422710684e-06]","[[0.9889553484570385, -1.9816202910624075e-05, 0.14821375902909845], [2.0228412600143135e-05, 0.9999999997945944, -1.2737948648648945e-06], [-0.1482137589734127, 4.257855315104041e-06, 0.9889553486547519]]","[7.259267627173361e-05, -0.2542148995190979, -0.00047242376174799007]",[12.432838119576365],"[0.997687157522082, 2.5229569642688703e-06, 0.06797305134494791, -0.0]",[0.5],"[3.302878760402469, -6.618146694635032e-05, 0.49499917004380795]","[59.4891451518587, 55.66698073465699, 51.92631254777918, 55.666193059658106]"
24,0.12500000000000003,"[1.0080858581962007, 4.3378722618787547e-07, 0.05653773617601173]","[1.0, 0.0, 1.0]","[0.17713348878758678, 5.700939317503025e-06, 0.7236520951534535]","[0.0, 0.0, 0.0]","[0.9973132561817007, 1.5912769040275154e-06, 0.07325482227127483, 7.464931245997128e-06]","[[0.9890809384743029, -1.704642228685606e-05, 0.1473733247783056], [1.7487406389958063e-05, 0.9999999998456561, -1.6966302403255357e-06], [-0.14737332472663792, 4.255281851782569e-06, 0.9890809386197419]]","[6.436322758518147e-05, -0.3320986634304324, -0.0004071901004079207]",[12.26358128406938],"[0.9978455847201142, 2.5368954825084605e-06, 0.06560631866015322, -0.0]",[0.5],"[3.3226333198631277, -5.726428290300823e-05, 0.4950732546951519]","[58.85123913938878, 55.29721747604728, 51.81342209435873, 55.296473360481166]"
25,0.13000000000000003,"[1.0089715256401386, 4.622919227753906e-07, 0.060155996651778995]","[1.0, 0.0, 1.0]","[0.1859751786287393, 5.575056243946794e-06, 0.7344640913041477]","[0.0, 0.0, 0.0]","[0.9973737320103873, 1.6833782121792428e-06, 0.0724267813133285, 6.436580370962772e-06]","[[0.9892674619165576, -1.4656612362657992e-05, 0.1461160106845113], [1.5122887189813673e-05, 0.9999999998834854, -2.080318677899223e-06], [-0.1461160106369962, 4.267687524670446e-06, 0.9892674620229437]]","[5.663360687785828e-05, -0.40373504660547826, -0.0003508862340816129]",[12.102287490237062],"[0.9980018421260217, 2.539088901634915e-06, 0.06318483288432601, -0.0]",[0.5],"[3.342547426416813, -4.952191780156168e-05, 0.49369833161762294]","[58.23050550806925, 54.941537450020576, 51.71487155523858, 54.94083400499978]"
26,0.13500000000000004,"[1.0099014015332823, 4.901672039951246e-07, 0.06382831710829974]","[1.0, 0.0, 1.0]","[0.1946064689023452, 5.4301459117205736e-06, 0.744530527134097]","[0.0, 0.0, 0.0]","[0.9974463270099344, 1.7675522727792126e-06, 0.07142005811022108, 5.549712190446366e-06]","[[0.9895087226143235, -1.2595509040661632e-05, 0.14447313837361966], [1.3083195703226145e-05, 0.9999999999114734, -2.4255528218656033e-06], [-0.1444731383302789, 4.290276017599138e-06, 0.9895087226915151]]","[4.9370625844630944e-05, -0.46926460880413556, -0.00030231621552327464]",[11.948643700512207],"[0.9981547781264271, 2.530347475903713e-06, 0.060720992226582254, -0.0]",[0.5],"[3.362603261411684, -4.280275535860755e-05, 0.49095660824292237]","[57.627076868787384, 54.59968853128583, 51.62929755918201, 54.59902341528732]"
27,0.14000000000000004,"[1.010874433877794, 5.173179335537275e-07, 0.06755096974397022]","[1.0, 0.0, 1.0]","[0.20301418150406716, 5.268845955743411e-06, 0.7538902106808776]","[0.0, 0.0, 0.0]","[0.9975294278240849, 1.8431944825039925e-06, 0.07024984411840969, 4.784959644002526e-06]","[[0.9897983505374668, -1.0818602708576483e-05, 0.14247534929337102], [1.1323557452715463e-05, 0.999999999932153, -2.7333555102900115e-06], [-0.1424753492541334, 4.318798578836739e-06, 0.989798350592817]]","[4.254672583278991e-05, -0.528838088245986, -0.0002604349887257065]",[11.802340044676276],"[0.9983033907822788, 2.511494093014702e-06, 0.0582266257505714, -0.0]",[0.5],"[3.3827819128552794, -3.697417109764557e-05, 0.486930529188743]","[57.04110414190821, 54.27139188669692, 51.55533694303154, 54.27076320008144]"
28,0.14500000000000005,"[1.0118895047853143, 5.436621633324446e-07, 0.0713204207973746]","[1.0, 0.0, 1.0]","[0.21118722858132893, 5.09360853943208e-06, 0.7625799883324693]","[0.0, 0.0, 0.0]","[0.9976214329212308, 1.909884219890029e-06, 0.06893095498774002, 4.12556799440721e-06]","[[0.9901299187568865, -9.287307861534715e-06, 0.14015257363397593], [9.805244361837987e-06, 0.9999999999474134, -3.004996136793317e-06], [-0.14015257359869748, 4.349566813209551e-06, 0.9901299187958834]]","[3.613883720890956e-05, -0.5826163209613973, -0.00022433274243714073]",[11.663070988059886],"[0.9984468263758476, 2.4833536085895303e-06, 0.05571296881185617, -0.0]",[0.5],"[3.403063763686903, -3.1920357366307966e-05, 0.4817025884038076]","[56.47275176027903, 53.956343516513606, 51.49164363490435, 53.955749710163246]"
29,0.15000000000000005,"[1.0129454409282208, 5.69130206029605e-07, 0.07513332073903695]","[1.0, 0.0, 1.0]","[0.21911643229631791, 4.906702916308346e-06, 0.7706347993708009]","[0.0, 0.0, 0.0]","[0.9977207753344065, 1.9673647120878385e-06, 0.06747780708935026, 3.5570568056411215e-06]","[[0.9904970468549158, -7.968209822002913e-06, 0.1375339961907549], [8.494810394775051e-06, 0.9999999999586642, -3.2419241808779885e-06], [-0.13753399615923745, 4.3794415477633656e-06, 0.9904970468816612]]","[3.012742240739501e-05, -0.6307699765084493, -0.00019321955707844222]",[11.530536354068326],"[0.9985843757620702, 2.4467442335666223e-06, 0.05319064276628115, -0.0]",[0.5],"[3.4234288469237018, -2.7540313673425027e-05, 0.47535512749599484]","[55.922191609612184, 53.65421695842044, 51.43690269594057, 53.65365675583759]"
30,0.15500000000000005,"[1.0140410230897023, 5.936637206111468e-07, 0.07898649473589095]","[1.0, 0.0, 1.0]","[0.2267943601132778, 4.710220542450653e-06, 0.7780877371586744]","[0.0, 0.0, 0.0]","[0.9978259421305814, 2.0155232258022375e-06, 0.06590439437358836, 3.0669203591780333e-06]","[[0.9908934910755195, -6.832392035032258e-06, 0.13464802002810017], [7.363405861098891e-06, 0.9999999999669537, -3.445716505945835e-06], [-0.13464802000010806, 4.405806077693484e-06, 0.9908934910930838]]","[2.4495681895223265e-05, -0.673479128287252, -0.0001664109758820921]",[11.404442212158118],"[0.9987154688269728, 2.40247060405709e-06, 0.05066963903510644, -0.0]",[0.5],"[3.4438571667383577, -2.3746025670501277e-05, 0.46797012286112777]","[55.38959635692506, 53.3646665790441, 51.38984205847552, 53.364138910765014]"
31,0.16000000000000006,"[1.0151749948902686, 6.172148233234e-07, 0.08287693342168433]","[1.0, 0.0, 1.0]","[0.23421517414830356, 4.506081895421355e-06, 0.7849701155379313]","[0.0, 0.0, 0.0]","[0.9979354907249299, 2.054372111729271e-06, 0.06422426597774611, 2.6443641742688507e-06]","[[0.9913132215856892, -5.854841718587769e-06, 0.13152222882510528], [6.386169068757359e-06, 0.9999999999730635, -3.6180356656170593e-06], [-0.1315222288003795, 4.426529781071685e-06, 0.9913132215963766]]","[1.922890176456351e-05, -0.7109326778104703, -0.00014331480214287308]",[11.28450164100208],"[0.9988396673600882, 2.351318233671725e-06, 0.04815930753716954, -0.0]",[0.5],"[3.4643289848700882, -2.0460836621432004e-05, 0.4596289644404215]","[54.87513261563943, 53.08733109164343, 51.3492422957908, 53.086835040643216]"
32,0.16500000000000006,"[1.0163460707610101, 6.397452328005068e-07, 0.08680178399937398]","[1.0, 0.0, 1.0]","[0.24137449321716428, 4.296044367351645e-06, 0.7913115391736159]","[0.0, 0.0, 0.0]","[0.9980480621794579, 2.084031021227322e-06, 0.06245050496422676, 2.280074548567253e-06]","[[0.9917504873052543, -5.01392863796689e-06, 0.12818334878076598], [5.541690801650748e-06, 0.9999999999775739, -3.76059698675979e-06], [-0.12818334875903598, 4.439926379040853e-06, 0.9917504873107987]]","[1.4313922827204826e-05, -0.7433276529782449, -0.0001234192282318561]",[11.170435375511108],"[0.9989566566448973, 2.2940491054441507e-06, 0.04566834942918575, -0.0]",[0.5],"[3.4848250721472587, -1.7618004176655576e-05, 0.45041222906454675]","[54.37895426040782, 52.82183707552764, 51.31394464254118, 52.821371832282175]"
33,0.17000000000000007,"[1.017552943227096, 6.612254546372649e-07, 0.09075834169524206]","[1.0, 0.0, 1.0]","[0.24826926631724622, 4.081710764272429e-06, 0.7971399767261919]","[0.0, 0.0, 0.0]","[0.9981623916476859, 2.1047104677726765e-06, 0.06059570852689546, 1.966017775974325e-06]","[[0.9921998688490288, -4.29095039037098e-06, 0.12465721093285378], [4.811545548918019e-06, 0.9999999999809162, -3.8751426306874e-06], [-0.1246572109138468, 4.444709858343825e-06, 0.9921998688507399]]","[9.738712987973505e-06, -0.7708684006667476, -0.00010628228861815455]",[11.061972345580227],"[0.9990662360621192, 2.231398206613601e-06, 0.04320481403374975, -0.0]",[0.5],"[3.505326925294098, -1.5159429476559681e-05, 0.4403994513946925]","[53.90119611186084, 52.5678023603093, 51.28285742238098, 52.56736718625109]"
34,0.17500000000000007,"[1.0187942895586821, 6.816340084586271e-07, 0.09474404157887302]","[1.0, 0.0, 1.0]","[0.2548976563816561, 3.864538070571975e-06, 0.8024818358647529]","[0.0, 0.0, 0.0]","[0.9982773161471202, 2.1166968056919507e-06, 0.05867196995796555, 1.695265721872126e-06]","[[0.9926563202085167, -3.6697371664994773e-06, 0.12096871470185992], [4.179882854654113e-06, 0.99999999998341, -3.963421188252519e-06], [-0.12096871468530833, 4.439950148699061e-06, 0.9926563202073876]]","[5.492026801721314e-06, -0.7937656937976738, -9.152256699795883e-05]",[10.958850113843496],"[0.9991683089859927, 2.164070846689503e-06, 0.04077609978147222, -0.0]",[0.5],"[3.525816949590302, -1.3034543012295962e-05, 0.42966889545052017]","[53.441968145999546, 52.32483919410819, 51.25496100875277, 52.32443339232082]"
35,0.18000000000000008,"[1.0200687778405904, 7.00956698811487e-07, 0.09875645075819678]","[1.0, 0.0, 1.0]","[0.2612589332452217, 3.6458462346432213e-06, 0.8073620392513466]","[0.0, 0.0, 0.0]","[0.9983917798583164, 2.1203386314712704e-06, 0.05669086262097673, 1.4618446138519115e-06]","[[0.9931151998767556, -3.136309087186073e-06, 0.11714179341258137], [3.6330721727607926e-06, 0.9999999999852915, -4.027171653557786e-06], [-0.1171417933982279, 4.425029971575586e-06, 0.9931151998735426]]","[1.56313820325524e-06, -0.8122357725492519, -7.881105681702114e-05]",[10.860815219314125],"[0.9992628722345301, 2.0927406290688153e-06, 0.03838895894938214, -0.0]",[0.5],"[3.5462786083373103, -1.1199330980335557e-05, 0.4182973296278806]","[53.001350335241824, 52.09255715069962, 51.22931143245298, 52.09218004281373]"
36,0.18500000000000008,"[1.0213750725068165, 7.19185929984703e-07, 0.10279326095445351]","[1.0, 0.0, 1.0]","[0.26735337486214755, 3.4268268057273037e-06, 0.8118041007322558]","[0.0, 0.0, 0.0]","[0.9985048371629704, 2.116034569027908e-06, 0.05466342612829206, 1.260604160365139e-06]","[[0.9935722921863053, -2.678579639666431e-06, 0.11319938247391972], [3.1593949439331814e-06, 0.9999999999867345, -4.06811085599971e-06], [-0.11319938246152131, 4.3996037847080835e-06, 0.9935722921815876]]","[-2.058365660877807e-06, -0.8264993385449841, -6.786406245772263e-05]",[10.767623433511138],"[0.9993500053120747, 2.0180479704018288e-06, 0.03604950594229882, -0.0]",[0.5],"[3.566696540446437, -9.615486270340868e-06, 0.40635980796321913]","[52.57938819206018, 51.8705657536352, 51.20504274672599, 51.870216662007024]"
37,0.19000000000000009,"[1.0227118393811272, 7.363200640133396e-07, 0.10685228145811479]","[1.0, 0.0, 1.0]","[0.27318217591220345, 3.208551307730388e-06, 0.8158302010681834]","[0.0, 0.0, 0.0]","[0.9986156536433376, 2.1042223728447417e-06, 0.052600154875057537, 1.0871043935206172e-06]","[[0.9940238196846554, -2.2860993050467735e-06, 0.10916339081533562], [2.748778102442651e-06, 0.9999999999878667, -4.087923620762581e-06], [-0.10916339080466568, 4.36355939035113e-06, 0.9940238196788784]]","[-5.382739847800603e-06, -0.8367805197673207, -5.8437027307801816e-05]",[10.679039935496505],"[0.9994298596573598, 1.940599081047619e-06, 0.033763228837068, -0.0]",[0.5],"[3.5870566477916874, -8.249669220483544e-06, 0.3939294602053452]","[52.17608905791569, 51.65847681021306, 51.18136826186052, 51.658155044575985]"
38,0.1950000000000001,"[1.0240777502606881, 7.523628205519916e-07, 0.1109314324634557]","[1.0, 0.0, 1.0]","[0.27874736302549646, 2.9919792774028984e-06, 0.8194612626232662]","[0.0, 0.0, 0.0]","[0.9987235052712622, 2.085369266843207e-06, 0.05051098903659557, 9.375179182037502e-07]","[[0.9944664474118763, -1.9498340836218815e-06, 0.10505467608916777], [2.3925637744346595e-06, 0.9999999999887809, -4.088255081609493e-06], [-0.10505467608001773, 4.316982519467653e-06, 0.9944664474053844]]","[-8.420195113967547e-06, -0.84330582264563, -5.031917997249797e-05]",[10.59483941213513],"[0.9995026480836059, 1.8609653352671163e-06, 0.03153500389085375, -0.0]",[0.5],"[3.6073461542558998, -7.072864550931728e-06, 0.38107729301791304]","[51.79141915744578, 51.45590645779355, 51.1575807633546, 51.455611305673344]"
39,0.2000000000000001,"[1.0254714870758157, 7.673227169390061e-07, 0.11502873877657203]","[1.0, 0.0, 1.0]","[0.28405171594424383, 2.7779659249050894e-06, 0.8227170225138294]","[0.0, 0.0, 0.0]","[0.9988277760172064, 2.059963428786842e-06, 0.04840530809347744, 8.085455226361922e-07]","[[0.994897279971332, -1.6619742346965913e-06, 0.10089302405460424], [2.0833104913956737e-06, 0.9999999999895447, -4.070704693357218e-06], [-0.10089302404678396, 4.260124522509224e-06, 0.9948972799643924]]","[-1.1180977005096774e-05, -0.8463030863160169, -4.3328898052661074e-05]",[10.514806089817661],"[0.9995686345698566, 1.7796829720364071e-06, 0.029369112703404497, -0.0]",[0.5],"[3.627553638636998, -6.0598222588047305e-06, 0.3678720043670397]","[51.42530141911012, 51.26247693122028, 51.13305182895365, 51.262207651494876]"
40,0.2050000000000001,"[1.0268917456555369, 7.812125465635316e-07, 0.11914232388914119]","[1.0, 0.0, 1.0]","[0.28909869402283267, 2.56726939695304e-06, 0.8256161037926805]","[0.0, 0.0, 0.0]","[0.9989279541080447, 2.02850652734731e-06, 0.046291926908638155, 6.973433577083769e-07]","[[0.9953138522954439, -1.4157691235033089e-06, 0.09669713246420267], [1.8146217812302018e-06, 0.999999999990206, -4.036821590242267e-06], [-0.09669713245754036, 4.1933731707654936e-06, 0.9953138522882645]]","[-1.3675416922887943e-05, -0.8460004524982445, -3.730969838938357e-05]",[10.43873370382983],"[0.999628124535542, 1.6972530771493516e-06, 0.027269261718543693, -0.0]",[0.5],"[3.64766904376781, -5.188571617902463e-06, 0.3543798128573499]","[51.07761404790267, 51.077818064196286, 51.107230359355505, 51.077573883260726]"
41,0.2100000000000001,"[1.0283372391256511, 7.940488935482968e-07, 0.12327040440810459]","[1.0, 0.0, 1.0]","[0.29389236754430365, 2.3605576384242248e-06, 0.8281760843141709]","[0.0, 0.0, 0.0]","[0.9990236271573298, 1.9915072199100454e-06, 0.04417909434432208, 6.014601206754973e-07]","[[0.9957141150051981, -1.2053845954576128e-06, 0.09248459967995927], [1.5809984990482412e-06, 0.9999999999907979, -3.988101015025206e-06], [-0.09248459967430102, 4.1172264860062484e-06, 0.995714114997941]]","[-1.591396057797281e-05, -0.8426253628301511, -3.212677241362665e-05]",[10.366425411494179],"[0.9996814557038078, 1.6141418051200678e-06, 0.025238603751203657, -0.0]",[0.5],"[3.667683664336542, -4.439998713867502e-06, 0.34066430347542115]","[50.748189822692666, 50.90156854012311, 51.07964043492261, 50.90134865019098]"
42,0.2150000000000001,"[1.0298067009633727, 8.058516817404179e-07, 0.12741128482967545]","[1.0, 0.0, 1.0]","[0.29843735340187, 2.1584148590601107e-06, 0.8304135629896671]","[0.0, 0.0, 0.0]","[0.999114476383526, 1.9494755224692127e-06, 0.04207449437370253, 5.187828825151053e-07]","[[0.9960964152451074, -1.0257797719838321e-06, 0.08827191815517667], [1.3777117134070501e-06, 0.9999999999913443, -3.9259816058577465e-06], [-0.08827191815038542, 4.032269459520428e-06, 0.9960964152378987]]","[-1.7907178396762884e-05, -0.8364035938861207, -2.766399464050094e-05]",[10.297693655136205],"[0.9997289896340047, 1.5307808056961965e-06, 0.02327976123221315, -0.0]",[0.5],"[3.6875901159757385, -3.7974791299742163e-06, 0.3267862908904768]","[50.43681607997813, 50.733376909599706, 51.049878606377156, 50.73318046873581]"
43,0.2200000000000001,"[1.031298887730382, 8.166437560357185e-07, 0.1315633526446238]","[1.0, 0.0, 1.0]","[0.30273875475797646, 1.961347618955969e-06, 0.8323442232027858]","[0.0, 0.0, 0.0]","[0.9992002701208463, 1.902917967674812e-06, 0.03998524961290769, 4.474903782899179e-07]","[[0.9964594738458564, -8.726005822380283e-07, 0.08407447283258958], [1.2006933698452353e-06, 0.999999999991861, -3.851843376765548e-06], [-0.08407447282854415, 3.9391534866517685e-06, 0.9964594738387939]]","[-1.9665761739679494e-05, -0.8275583385193876, -2.3821341099420103e-05]",[10.232359980826745],"[0.9997711039803217, 1.447567824876484e-06, 0.02139485087289558, -0.0]",[0.5],"[3.707382288217287, -3.2465584684458473e-06, 0.3128037011558031]","[50.14323533703879, 50.572902392791, 51.01761072152426, 50.5727285263247]"
44,0.22500000000000012,"[1.0328125815041718, 8.264504941304984e-07, 0.13572507376063772]","[1.0, 0.0, 1.0]","[0.30680210435065025, 1.7697905508272556e-06, 0.833982893208943]","[0.0, 0.0, 0.0]","[0.9992808568141629, 1.8523334725836772e-06, 0.03791792717399137, 3.8601273790769515e-07]","[[0.9968023596263866, -7.420877138668027e-07, 0.07990654442983673], [1.04644231358826e-06, 0.9999999999923576, -3.7670062656863744e-06], [-0.0799065444264306, 3.8385783235875616e-06, 0.9968023596195449]]","[-2.1200508169431472e-05, -0.8163093406389956, -2.0512662452981864e-05]",[10.17025481871931],"[0.999808185512178, 1.3648674544483518e-06, 0.019585509464485822, -0.0]",[0.5],"[3.72705528389304, -2.774674345791104e-06, 0.29877147235735074]","[49.86714650056359, 50.41981548539395, 50.98256838285604, 50.41966328841232]"
45,0.23000000000000012,"[1.034346592025925, 8.352994468846346e-07, 0.13989498822668245]","[1.0, 0.0, 1.0]","[0.31063331116756204, 1.5841117393302807e-06, 0.8353436033945454]","[0.0, 0.0, 0.0]","[0.9993561576745563, 1.7982098435202625e-06, 0.03587854671810168, 3.329967727273248e-07]","[[0.9971244615973578, -6.309969875244164e-07, 0.07578131751151632], [9.11943570385914e-07, 0.9999999999928397, -3.672729153409508e-06], [-0.07578131750865622, 3.731276364946376e-06, 0.9971244615907935]]","[-2.2522298484045662e-05, -0.8028720890838005, -1.7663763689521808e-05]",[10.111217230630988],"[0.9998406239128567, 1.283012007425589e-06, 0.017852920542681595, -0.0]",[0.5],"[3.746605347499211, -2.3709143429574206e-06, 0.28474147447385717]","[49.60820660160175, 50.273798387071245, 50.94454512289962, 50.27366692773406]"
46,0.23500000000000013,"[1.0358997585817626, 8.432200055812861e-07, 0.14407170624365517]","[1.0, 0.0, 1.0]","[0.31423861025248145, 1.4046177785639054e-06, 0.8364396403175841]","[0.0, 0.0, 0.0]","[0.9994261591558034, 1.7410208513573989e-06, 0.033872590570623855, 2.872760536276043e-07]","[[0.9974254597705724, -5.365304388622295e-07, 0.07171089318349591], [7.945990623809977e-07, 0.9999999999933112, -3.5702092792914005e-06], [-0.07171089318110072, 3.6179990403604983e-06, 0.9974254597643271]]","[-2.364206778079277e-05, -0.7874570749058883, -1.5210748596630516e-05]",[10.05509463030697],"[0.9998688063560951, 1.2023024995344765e-06, 0.01619784166461739, -0.0]",[0.5],"[3.766029784942938, -2.0258051300880545e-06, 0.2707624484500601]","[49.36603299409214, 50.134545271066486, 50.903392375684696, 50.13443359452311]"
47,0.24000000000000013,"[1.037470951633025, 8.502430944741056e-07, 0.14825390444524308]","[1.0, 0.0, 1.0]","[0.31762451544694836, 1.2315585287285626e-06, 0.837283597493498]","[0.0, 0.0, 0.0]","[0.9994909053950135, 1.6812238162855199e-06, 0.03190501574624358, 2.47845120478008e-07]","[[0.9977052952159047, -4.5627663284305e-07, 0.06770630619031168], [6.921681787348426e-07, 0.9999999999937726, -3.460581996674039e-06], [-0.06770630618831106, 3.499505133255129e-06, 0.9977052952100075]]","[-2.4570772430615747e-05, -0.7702691151353334, -1.3098592785620645e-05]",[10.001742481563497],"[0.9998931128459679, 1.1230097191943474e-06, 0.014620632063603416, -0.0]",[0.5],"[3.7853268769571575, -1.7311286307792435e-06, 0.2568799642445678]","[49.14020595209665, 50.00176241331646, 50.85901531410164, 50.00166954603865]"
48,0.24500000000000013,"[1.0390590742102597, 8.564008871177484e-07, 0.15244032243271058]","[1.0, 0.0, 1.0]","[0.32079777490234895, 1.0651315921033975e-06, 0.8378874229279824]","[0.0, 0.0, 0.0]","[0.9995504907430545, 1.6192576466340755e-06, 0.029980267721474285, 2.1383725334424872e-07]","[[0.997964139940341, -3.8815894306550247e-07, 0.0637775461505437], [6.027168323916995e-07, 0.9999999999942242, -3.3449208236787883e-06], [-0.06377754614887698, 3.37655083356471e-06, 0.9979641399348109]]","[-2.5319354513612764e-05, -0.7515067449740442, -1.1279913905340186e-05]",[9.951023979223912],"[0.9999139122933784, 1.0453753703651269e-06, 0.013121280465611803, -0.0]",[0.5],"[3.8044957883110095, -1.4797616517325341e-06, 0.2431363973990687]","[48.93027160010015, 49.875168198777615, 50.81136861443961, 49.87509315315138]"
49,0.2500000000000001,"[1.0406630630847715, 8.617265450782654e-07, 0.15662975954735048]","[1.0, 0.0, 1.0]","[0.3237653292245958, 9.054865272723387e-07, 0.8382624634319681]","[0.0, 0.0, 0.0]","[0.9996050524928136, 1.5555412814641646e-06, 0.02810229578496234, 1.8450531397417923e-07]","[[0.998202367094606, -3.303907075265134e-07, 0.059933582627908065], [5.245738185510494e-07, 0.9999999999946646, -3.2242377544568967e-06], [-0.059933582626523034, 3.249881346873238e-06, 0.9982023670894535]]","[-2.589870499118659e-05, -0.7313616793608668, -9.71391192784879e-06]",[9.902809717452122],"[0.9999315592927213, 9.696132742677222e-07, 0.011699432870308911, -0.0]",[0.5],"[3.823536474763428, -1.2655358901095378e-06, 0.2295709234872366]","[48.73574511120487, 49.75449302191946, 50.760452201257074, 49.75443480096479]"
